Pi/2 Pi/4 0
0.2 0.0 0.2 0.0 0.2 0.0
0.199302 -0.0154426 0.199302 -0.0154426 0.199302 -0.0154426
0.197489 -0.0222217 0.197489 -0.0222217 2.28909 -1.13298
0.195408 -0.0207464 0.195408 -0.0207464 -3.09847 -0.468224
0.193857 -0.0115188 0.193857 -0.0115188 3.06291 -0.768065
0.193582 0.00487535 0.193582 0.00487535 2.91612 -0.974268
0.195266 0.0277769 0.195266 0.0277769 -2.99973 -0.354723
0.199523 0.056464 0.199523 0.056464 -3.04253 -0.790034
0.206893 0.0901636 0.206893 0.0901636 -2.18163 -0.12564
0.217835 0.128062 1.3673 -1.12342 -0.96903 0.119535
0.232729 0.169319 2.92984 -0.144407 -2.15732 -0.809195
0.251866 0.213076 2.548 -0.518604 -2.91116 -0.195745
0.275453 0.258472 2.20665 -0.806184 -1.34124 -1.25961
0.303613 0.304655 -3.13634 0.0473247 2.85649 -0.612251
0.336382 0.350795 2.76678 -0.401281 2.14011 -1.22332
0.373716 0.396093 -1.96358 0.709843 3.03658 -0.581867
0.415494 0.439798 -0.610394 0.781381 -1.79315 -0.00180658
0.687536 -0.756643 -2.40555 0.181172 -0.955212 0.136833
3.00179 0.355975 -2.91079 0.246124 -2.25743 -0.777783
2.24588 -0.227754 -1.82614 0.0380374 1.72029 -1.37443
1.64158 -0.587922 2.39296 -0.524969 2.71376 -0.853482
-2.92098 0.603279 1.14585 -1.19463 -2.9037 -0.33451
2.60648 0.0105519 2.65615 -0.352538 -2.49444 -0.721956
-0.998469 1.68887 -1.44962 0.885719 -1.86022 -0.948297
0.220505 1.22018 -0.587979 0.785032 -1.66244 0.508452
-1.96 1.11214 -2.5035 0.156799 -1.07118 0.0906434
-2.42418 1.03081 0.624087 -1.2412 -1.00685 -1.40078
-1.30034 1.25643 2.04817 -0.796863 -1.18022 -1.32728
2.0511 -0.312897 -3.01374 0.0963973 0.59511 -1.79682
0.451859 -0.717535 -2.75645 0.0645333 2.49999 -1.12213
2.503 -0.0139249 -2.16263 0.179836 -3.01472 -0.383006
-0.392911 1.68231 -0.982192 1.20631 3.12246 -0.813783
0.239829 1.2096 -0.713311 0.808444 0.878132 -1.74276
-2.08842 1.05327 -1.58424 -0.0373576 2.43949 -1.13017
-0.0547414 -0.372895 -1.70578 0.00986098 -3.06249 -0.419107
1.47909 -0.596213 -0.557727 -0.918524 2.99781 -0.830103
-2.67366 0.806743 1.59887 -1.10487 2.24168 -1.17689
-2.44663 0.849373 3.10791 0.0129558 3.11431 -0.551892
-1.56508 1.32063 2.59822 -0.502755 -2.58962 -0.276149
0.192212 1.62265 -0.311752 -1.05294 -1.24605 0.592717
0.159099 1.29119 1.52371 -1.12641 -0.94104 0.475527
-1.21135 1.07717 3.01974 -0.0550742 -1.95341 -0.95823
-1.19075 1.2476 2.42702 -0.599536 -1.92792 0.438135
-0.754049 0.415689 1.27629 -1.18008 -1.2061 0.102816
0.825123 -0.758696 2.7678 -0.295683 -3.0509 -0.310344
-2.9901 0.549097 -2.55226 0.407259 -3.07001 -0.823921
2.32398 -0.176301 -0.541395 1.1554 -1.33669 0.12574
-0.643101 0.233248 -0.363694 0.956906 -1.1039 0.571817
0.742609 -0.749863 -2.28644 0.11197 -2.91647 -0.20957
3.1414 0.431284 -1.28529 1.20198 -1.55556 -1.15374
2.0484 -0.338806 -0.811241 0.885867 -1.98839 0.41019
0.496055 -0.68201 3.10355 0.0282878 -1.2163 0.101988
2.67683 0.0893836 2.69695 -0.474804 -2.76605 -0.0992859
-1.98808 1.24192 -0.908438 0.947041 -1.19591 0.555958
0.502855 1.36409 -0.433232 1.08866 -1.39527 0.600937
0.513366 1.16617 -2.93161 0.220258 -0.875268 0.247678
-1.7615 1.21787 -1.9801 0.0785265 -2.63396 -0.771055
-0.224978 1.75531 -1.48043 1.07399 -2.91633 -0.795879
0.138454 1.39623 -0.820387 0.889388 -2.98262 -0.526016
-2.93286 0.636551 -2.65785 0.426796 2.98931 -0.828168
2.45844 -0.113843 -0.530888 1.09625 2.25505 -1.16216
-0.0434654 1.45366 -0.780497 1.1535 3.13284 -0.533766
0.544019 1.27309 -0.44296 0.830027 -2.82976 -0.420963
-2.47245 0.987522 -2.97879 -0.0978153 -2.48198 -0.738603
-1.43971 1.26528 2.91683 -0.337332 -1.83919 -0.974686
-0.310153 1.77443 3.05841 -0.154057 -1.66879 0.496824
0.133754 1.40332 2.41882 -0.600352 -1.05929 0.162572
-1.9797 1.32683 1.30199 -1.16609 -1.00486 -1.41563
0.468354 1.31728 2.8062 -0.26288 -1.03705 -1.41879
0.310212 1.47599 -2.97011 0.0385852 -0.5286 -1.66843
0.383865 1.16407 -2.75648 0.048846 -2.52095 -0.719724
-2.76485 0.665759 -2.16081 0.157428 -2.09303 -0.834917
2.83749 0.154017 -0.999312 1.19267 -2.25888 0.239244
-3.13329 0.415229 -0.724777 0.79444 -1.18371 0.0625558
2.03899 -0.340914 -1.59545 -0.0550261 2.31578 -0.971054
0.527404 -0.683752 -1.63286 -0.0663927 -3.00006 -0.379796
2.75041 0.146661 -1.34833 -0.332357 -3.10347 -0.810276
-2.6625 0.777919 -2.7864 -0.0431874 -1.21044 0.080265
-2.36932 0.957545 -2.34993 0.184248 -2.99551 -0.23919
-1.58105 1.29895 -1.7957 0.977032 -2.58749 -0.727307
0.168037 1.62057 -0.825904 0.836982 -2.54252 -0.753244
0.139474 1.28631 1.61103 -1.01053 -2.37211 -0.800144
-1.12172 1.20254 3.12582 0.0184253 -1.13167 -1.31878
-1.17017 1.19016 2.67107 -0.468196 -0.433801 -1.66201
-1.07161 0.984379 -0.838192 0.855218 -2.85553 -0.780257
-2.48662 0.828254 -3.05591 0.10028 3.07299 -0.764381
-1.77576 1.27285 -2.88078 -0.00896892 -3.05543 -0.79513
-0.654567 1.83118 -2.84831 -0.0159594 -2.17069 -0.0805755
0.0911749 1.36902 -2.67435 0.037301 -0.968846 0.149971
0.893891 -0.714007 -1.64042 -0.133778 -2.06523 -0.900697
-2.90575 0.655946 -1.25476 -0.334074 -2.48278 0.128366
2.43641 -0.111033 3.01406 -0.261501 -1.00593 0.149877
0.0926752 1.38409 2.56198 -0.512351 -1.73034 -1.03078
-2.72744 0.775613 2.79773 -0.440977 -1.76013 0.469657
-2.56881 0.826565 -1.90998 0.771525 -1.12091 0.152761
-2.5366 0.832545 -0.582646 0.815982 0.447791 -1.78713
-2.28229 0.97928 -2.37406 0.11685 2.4863 -1.11228
-1.22965 1.13168 -2.20435 0.715804 -2.96534 -0.385871
-0.977671 0.98167 -0.608165 0.842984 -3.05582 -0.760579
3.02359 0.305298 -2.07705 0.149855 -2.41419 -0.190157
2.2662 -0.217969 -1.10598 1.18862 -0.838908 0.269857
2.60689 -0.0275587 -0.783929 0.811421 -2.8178 -0.797903
-0.896287 1.73739 -0.653456 -0.813819 2.98193 -0.769136
0.268569 1.23284 1.59867 -1.08105 2.10549 -1.29706
-1.85915 1.19391 -3.12721 0.0132124 2.97387 -0.635177
-1.25669 1.67185 2.81984 -0.408754 -1.30853 -1.28767
0.269329 1.26706 -2.27589 0.577158 2.4703 -0.855102
-1.49169 1.31296 -0.403459 0.816594 -2.89626 -0.291724
0.0814379 1.67535 3.045 -0.262286 -2.15988 -0.827309
0.105159 1.3284 2.51498 -0.564675 -3.00261 -0.278216
-0.805201 0.368484 1.05946 -1.244 -2.83139 -0.713021
0.846436 -0.732418 2.53579 -0.445909 2.97888 -0.827347
-2.87828 0.655503 -1.81297 0.0180391 2.25856 -1.15075
2.65879 0.016897 1.85693 -0.874774 -3.13802 -0.516248
-1.57037 1.46084 -2.95693 0.179631 -2.94404 -0.576046
0.402905 1.13074 -2.42789 0.149197 2.9743 -0.817717
3.05933 0.318657 -3.09593 0.0876692 2.23654 -1.16739
2.16818 -0.293436 3.1259 -0.221924 3.1218 -0.533867
0.34962 -0.710195 2.40877 -0.600016 -2.74861 -0.445338
2.28655 -0.164006 1.31606 -1.15223 -1.9487 -0.884179
-1.30064 1.24208 2.83761 -0.231512 -1.7082 0.506734
1.22263 -0.664093 3.03925 -0.160035 -1.10727 0.0971302
-2.61708 0.833157 2.41013 -0.59389 -0.0623817 -1.80348
-1.8955 1.20888 1.28096 -1.16543 3.00342 -0.875341
-2.78278 0.74808 2.79473 -0.263955 2.33622 -1.08856
-3.09354 0.406073 -2.89597 0.102453 -3.05251 -0.447958
2.06503 -0.375481 -2.21394 0.210668 3.03587 -0.83805
0.549819 -0.678731 -1.02354 1.22134 2.1874 -1.18511
2.81534 0.201124 -0.735669 0.834775 3.08863 -0.541025
3.12291 0.400705 -1.06137 -0.590783 -2.56171 -0.309209
2.0705 -0.369683 2.4058 -0.625631 -1.15963 0.545074
0.511814 -0.671105 1.445 -1.09589 -2.12426 0.334899
2.73719 0.142879 2.99897 -0.104808 -1.21473 0.0937782
-2.51859 0.891534 2.45726 -0.611929 -2.83313 -0.151386
-1.72518 1.19609 1.22182 -1.16775 2.71185 -0.720906
0.171861 1.65762 2.75298 -0.278914 -3.08676 -0.41627
0.161042 1.32195 -2.55364 0.365351 2.99272 -0.821528
-0.977204 0.764841 -0.508373 1.07284 2.24161 -1.17896
2.04609 -0.39656 -1.56859 1.10367 3.11234 -0.5552
0.698073 -0.694956 -0.825618 0.881205 -2.54631 -0.253615
3.11608 0.43365 -2.78321 0.32954 -0.949103 0.513786
2.06636 -0.356484 2.1347 -0.699999 -1.71283 -1.05433
0.533156 -0.731802 2.98979 -0.071551 -1.77197 0.45697
2.67805 0.112386 2.42617 -0.596551 -1.12606 0.139376
-1.8976 1.32219 1.27427 -1.18275 0.569688 -1.78514
0.470006 1.29149 2.76225 -0.301545 2.46408 -1.12524
-0.537782 1.79141 -2.48237 0.452445 -2.991 -0.41526
0.123742 1.40038 -0.342388 0.988858 3.07734 -0.808763
-2.20626 1.17426 -2.07718 0.128871 -3.0552 -0.823783
1.63468 -0.52392 -1.12923 1.17466 -1.79611 0.00224341
3.09378 0.396387 -0.714061 0.888781 -0.955765 0.139453
2.04906 -0.337678 -0.56445 -0.887439 -2.25259 -0.774408
0.492291 -0.68331 1.56088 -1.10391 1.88893 -1.27191
2.66509 0.0794594 3.09794 -0.0407424 2.84996 -0.741329
-1.87931 1.30511 2.54981 -0.514785 2.74765 -0.8003
0.551479 1.1751 2.72716 -0.437881 -3.01613 -0.362151
-1.50847 1.29291 -1.44902 0.890546 -3.11987 -0.802309
0.0519698 1.6761 -0.585879 0.78865 -1.17217 0.103277
0.0843583 1.32629 -2.49417 0.164828 2.11447 -1.15192
-0.736427 0.442396 0.852739 -1.21689 2.97544 -0.60689
0.794767 -0.739945 2.2987 -0.625136 -0.899158 0.237083
-2.99552 0.557449 2.12323 -0.745934 -2.50184 -0.777727
2.28267 -0.243399 3.12201 0.0328533 -2.22711 -0.843677
2.53115 -0.0445782 2.65982 -0.462611 1.46007 -1.49453
-0.388658 1.68598 -0.786393 0.863852 2.54761 -0.964901
0.244272 1.21142 1.15133 -1.18218 -2.87999 -0.307148
-2.07193 1.06544 2.56684 -0.399185 -2.07336 -0.896011
0.134791 -0.48807 -0.469058 0.835236 -2.44186 0.150872
1.87628 -0.415201 -2.81633 -0.0151384 -1.04864 0.130555
1.59159 -0.557378 -2.52928 0.078993 -1.21792 -1.32432
-2.95967 0.577105 0.445664 -1.28986 1.33327 -1.59303
2.42944 -0.105998 1.77633 -0.941141 2.41101 -1.0592
0.140678 1.36532 -2.95573 0.156592 -2.97687 -0.365652
0.386574 -0.636249 -2.38214 0.112754 -2.9826 -0.787202
2.37568 -0.136073 -2.14397 0.748764 -2.64415 -0.370057
0.3673 1.18094 -0.657582 0.846578 2.58144 -0.777092
-2.49643 0.851671 -1.74454 0.002718 -2.93075 -0.316113
-2.07424 1.09071 0.137482 -1.22744 -2.54949 -0.755291
-0.227157 -0.312043 1.66252 -1.05679 -2.42353 -0.793857
1.10891 -0.677761 -3.11774 0.0466379 -1.71145 -0.990476
-2.54954 0.914216 2.84335 -0.362948 -1.80561 0.478686
-1.87295 1.18452 -2.70508 0.249507 -1.16257 0.0948696
-1.16999 1.6971 2.03169 -0.775112 1.72706 -1.39179
0.232956 1.29429 -3.02156 0.126775 2.62595 -0.879819
-1.23786 1.23768 -2.85941 -0.0244099 -2.88624 -0.285011
-0.413398 -0.0972445 -2.73461 0.00910324 -2.00389 -0.895579
0.912412 -0.752342 -2.03236 0.0625224 -1.92991 0.39794
-2.83434 0.709537 -1.13636 1.2184 -1.19549 0.134106
2.72928 0.0903604 -0.782134 0.858692 3.01466 -0.459738
-2.16883 1.14361 0.611229 -1.27026 -2.53011 -0.279627
1.46922 -0.597341 2.01969 -0.84071 -0.946503 0.476436
-2.65125 0.85222 -2.9409 0.188712 -2.03128 -0.840124
-2.55754 0.816159 -2.29373 0.160013 -1.94546 0.420317
-2.37895 0.91701 -1.329 1.14165 -1.20997 0.0867859
-1.51119 1.23837 -0.862303 0.820438 -2.98116 -0.266458
0.0817068 1.71769 2.72013 -0.248846 -2.64966 -0.70327
0.141708 1.36232 -2.48977 0.418135 -2.7863 -0.734409
-0.0876455 -0.390214 -0.371048 0.952364 3.02663 -0.839532
1.4128 -0.642417 -2.29067 0.0899052 2.19963 -1.22316
-2.50212 0.964436 -1.31929 1.18106 2.99839 -0.583917
-1.73111 1.26432 -0.828225 0.87064 -1.51219 0.0888372
-0.132283 1.75656 -3.06095 0.11086 -0.843729 0.323819
0.0490304 1.37331 -2.93068 -0.103076 -2.77029 -0.794544
2.66056 0.12326 -3.14045 -0.155006 2.95553 -0.815792
-1.78141 1.39606 2.45372 -0.597 2.24626 -1.14527
0.50263 1.16317 1.19667 -1.22102 -3.13628 -0.500942
-1.78467 1.19306 2.65245 -0.392272 -3.03878 -0.626042
-0.0919372 1.78695 -1.09959 0.95255 -3.05121 -0.568694
0.113645 1.39358 -0.375195 0.843302 3.0733 -0.713535
-2.72166 0.792027 3.10817 -0.226235 -0.968198 0.178582
-2.71441 0.677434 2.45288 -0.621997 -2.05563 -0.902612
-3.01065 0.507765 1.31073 -1.13984 -2.39314 0.187433
2.07963 -0.330566 2.85576 -0.204846 -1.08832 0.129084
0.401874 -0.672398 2.88462 -0.264035 -0.49637 -1.65708
2.45956 -0.0738795 2.94831 -0.232617 -2.6517 -0.780051
-0.0483508 1.57868 2.6114 -0.437455 -3.07899 -0.766686
0.439243 1.12546 -0.564196 0.830772 -2.17348 -0.0782624
-3.11609 0.397229 -2.36368 0.120689 -0.967402 0.153219
2.05268 -0.369554 -2.06312 0.803488 -2.07544 -0.893125
0.556049 -0.664122 -0.690123 0.865312 -2.54223 0.0906559
2.86154 0.246019 -1.30763 -0.320506 -0.939435 0.180355
2.85106 0.202069 -3.01146 -0.126784 -2.27004 -0.8048
2.95153 0.266017 2.78772 -0.428307 0.988484 -1.71466
2.40234 -0.151803 -1.91079 0.77427 2.33369 -1.12944
0.291474 1.2294 -0.578699 0.818648 -3.05633 -0.419569
-1.84385 1.20167 -2.37994 0.120444 3.00761 -0.833637
-1.0455 1.73928 -2.2972 0.657915 2.239 -1.18516
0.0898421 1.29902 -0.533705 0.83166 3.10565 -0.564035
-1.02096 0.994205 -2.54501 0.10998 -2.41678 -0.1884
-2.83085 0.609824 -0.211367 -1.10436 -0.837 0.27454
2.60405 -0.0211801 1.53577 -1.12227 -2.82427 -0.795729
-1.06345 1.63579 3.0256 -0.0552927 3.06259 -0.793502
0.273676 1.23287 2.43516 -0.60064 2.16361 -1.27507
-1.86297 1.19583 1.26611 -1.18976 3.02482 -0.592777
-1.39889 1.61779 2.74595 -0.317289 -1.53963 0.0427205
0.198022 1.20075 -2.27697 0.57925 -0.858211 0.272725
-2.06488 1.12316 -0.398343 0.819533 -2.81515 -0.750413
-0.598651 0.154845 3.03907 -0.262939 2.99037 -0.828423
0.75493 -0.753681 2.52342 -0.55527 2.29428 -1.13901
-3.13579 0.432125 1.13607 -1.22821 -3.11525 -0.513583
2.05599 -0.339156 2.63273 -0.371384 -3.07082 -0.598787
0.480244 -0.685049 -1.16506 0.907547 -3.0478 -0.603321
2.63213 0.0526919 -0.426579 0.806813 -3.08115 -0.650309
-1.56982 1.46337 3.09583 -0.185864 -2.68189 -0.401504
0.408994 1.13019 2.4176 -0.605572 0.0155213 -1.76194
3.05182 0.315182 1.35854 -1.15045 2.77417 -0.984958
2.1857 -0.280138 2.86394 -0.224899 -2.86283 -0.29101
0.424532 -0.732671 2.87631 -0.230241 -1.73294 -1.06266
2.45999 -0.0449228 2.89712 -0.2314 -1.64659 0.543903
-0.135936 1.57569 2.81387 -0.31256 -1.07291 0.130528
0.372948 1.12583 -2.77813 0.19024 -0.802568 -1.54417
-3.13297 0.359376 -0.960471 -0.570822 -1.73004 -1.06772
2.03212 -0.349441 2.03448 -0.863049 -1.67817 0.534494
0.584163 -0.700929 -2.92341 0.179939 -1.09445 0.125228
2.85 0.21663 -2.11099 0.102713 -0.349884 -1.71661
2.85336 0.181632 -0.933332 1.24837 -2.86326 -0.81197
2.8966 0.253561 -0.679633 0.852626 3.13865 -0.650813
2.72668 0.112606 -1.50218 -0.183186 -2.3553 -0.17463
-2.30477 1.04591 -2.11108 0.100029 -0.873422 0.209695
-0.934169 0.619797 -0.969856 1.24802 -2.6639 -0.798385
1.42416 -0.634103 -0.701084 0.858297 3.12546 -0.797705
-2.49234 0.954309 -1.22829 -0.411836 -0.857377 0.304562
-1.5684 1.25766 2.97229 -0.317132 -2.70274 -0.777399
0.100674 1.62387 2.74377 -0.328954 3.13627 -0.841368
0.218762 1.30728 -2.19682 0.611966 3.03379 -0.870562
-1.11947 1.10232 -0.470774 0.797405 2.13772 -1.24133
-1.57019 1.256 -3.04393 -0.160656 3.01958 -0.608466
0.0701729 1.64149 2.6197 -0.472013 -1.18767 0.0775627
0.205968 1.32209 -0.394986 0.846763 2.51267 -0.831585
-1.00885 0.918838 -3.07249 -0.154506 -2.889 -0.293826
2.92252 0.209277 2.58476 -0.544953 -2.08932 -0.866948
2.63045 0.0169019 2.4494 -0.59851 -2.4173 0.125561
-1.30831 1.62315 1.12719 -1.21554 -1.07762 0.142706
0.339268 1.15661 2.61052 -0.39887 -0.703707 -1.56441
-2.9003 0.549054 -0.821472 0.843081 -2.22637 -0.826649
2.39189 -0.173492 1.83331 -0.837797 1.80178 -1.34927
0.428691 1.14248 -2.95232 0.175194 2.6831 -0.837303
-2.92829 0.544161 -2.37519 0.14234 -2.95213 -0.331477
2.26901 -0.237868 -2.06923 0.808032 -2.7429 -0.756966
2.11379 -0.355772 -0.669798 0.874402 3.08571 -0.847744
0.354118 -0.625778 -1.42202 -0.201999 2.06506 -1.3038
2.40968 -0.0883778 -2.51053 0.107791 2.94825 -0.645421
0.0971654 1.36719 0.70812 -1.26711 3.02617 -0.906548
1.30007 -0.653063 2.11246 -0.782974 2.53871 -0.959264
-2.52764 0.94223 -3.06106 0.095543 -2.92043 -0.303911
-1.84001 1.21935 -3.10834 -0.162267 -2.4409 -0.74437
-1.04671 1.74675 2.51603 -0.582888 -1.45025 -1.18776
0.112942 1.29721 1.14189 -1.27836 -2.6706 -0.0426456
-1.05 1.08953 2.49894 -0.464092 -0.813078 0.341602
-2.02665 1.13322 2.40312 -0.660337 -2.89015 -0.774854
-0.0134111 -0.445354 1.75889 -0.965078 3.1155 -0.707862
1.55081 -0.593726 -3.00614 0.0872021 -1.45066 0.0429035
-2.7255 0.794711 -2.70935 0.0694749 -0.845585 0.430605
-2.97981 0.512197 -1.88676 0.0844728 -2.63493 -0.745977
2.15902 -0.302629 -2.50105 0.527113 -2.855 -0.76577
0.316732 -0.684826 -0.41358 0.797668 3.05722 -0.783126
2.23119 -0.192646 2.97794 -0.270329 2.26882 -1.22203
1.97409 -0.404593 2.66255 -0.420631 3.13054 -0.500677
1.06838 -0.706338 -1.08227 0.889419 -3.00821 -0.585571
-2.67353 0.797 -0.391551 0.861135 3.07653 -0.764651
-2.29521 1.00397 -2.9554 -0.0601492 -2.94665 -0.767409
-1.33123 1.28823 3.02458 -0.249512 -3.0356 -0.582299
-1.72318 1.4671 2.52737 -0.541688 3.09789 -0.720565
0.375071 1.11007 1.40735 -1.20529 -1.06099 0.117298
2.97401 0.279046 2.83947 -0.205109 -1.15925 -1.30731
2.45958 -0.0753066 2.95856 -0.192998 -0.185214 -1.73327
-0.0809779 1.52417 2.56577 -0.511565 3.04226 -0.884839
0.429107 1.12573 2.94843 -0.348341 2.30981 -1.13381
-2.70241 0.727548 2.93137 -0.195734 3.1281 -0.483023
3.04538 0.322717 2.63122 -0.442914 -3.09722 -0.627093
2.20259 -0.261415 -0.685683 0.82383 -2.79025 -0.43414
0.586833 -0.758641 -1.66034 -0.124611 -2.22044 -0.837451
2.84399 0.242352 -1.10021 -0.469593 1.75205 -1.33518
3.00164 0.327875 2.44059 -0.627779 2.74662 -0.798598
2.27096 -0.216292 1.37717 -1.14937 -3.08795 -0.439004
2.86634 0.157626 2.87536 -0.222108 3.02977 -0.812071
2.96898 0.315794 2.81922 -0.280695 2.06231 -1.27499
2.40508 -0.111885 -2.93144 0.107036 2.9635 -0.627686
0.191147 1.28625 -2.51489 0.0924668 0.239706 -1.80618
-1.24377 1.13806 0.811063 -1.26732 2.66637 -1.05029
-0.924724 0.864896 2.13681 -0.712923 -2.88002 -0.268267
2.04218 -0.361462 2.96351 -0.112925 -1.85712 -0.933013
0.599518 -0.710315 2.47222 -0.58337 -1.64756 0.522866
2.86497 0.223261 1.15745 -1.25526 -1.06488 0.105793
2.76351 0.160492 2.53307 -0.433891 -1.10721 -1.33221
-2.55325 0.8885 -0.825054 -0.721242 -0.683985 -1.56273
-2.04572 1.11208 1.84927 -0.983305 -2.33605 -0.787574
0.0624113 -0.508008 -2.93247 0.148755 -0.269001 -1.74336
1.63898 -0.509912 -2.14488 0.201683 -3.04746 -0.78038
3.06726 0.407058 -0.954985 1.22032 -2.35706 -0.160549
2.10732 -0.320146 -0.695166 0.821421 -0.870626 0.220002
0.344809 -0.678576 -1.62424 -0.143052 -2.67333 -0.784476
2.29555 -0.146919 -1.40148 -0.200234 3.12237 -0.787934
-0.848769 0.630988 -2.614 0.0862388 -0.977458 0.192917
1.14755 -0.723807 -1.18191 -0.461491 -1.96377 -0.913123
-2.53252 0.90691 2.8176 -0.42086 -1.87048 0.428585
-1.65501 1.20402 -2.18534 0.631421 -1.17533 0.145279
0.224472 1.61947 -0.458921 0.808297 2.37099 -0.940022
0.183197 1.29187 -3.04216 -0.145567 -2.95955 -0.35951
-1.21892 1.12631 2.67419 -0.49748 -2.88171 -0.780378
-1.12949 0.947666 -0.557326 0.8543 -3.12503 -0.709948
-2.167 1.06663 -2.25772 0.166454 -1.76634 0.0515635
-0.999727 0.876471 -1.24469 1.16786 -0.937605 0.179252
2.64735 0.00492961 -0.836394 0.824902 -2.28431 -0.823953
-1.43796 1.5189 1.59098 -0.96971 0.342844 -1.83268
0.357004 1.15946 -3.09383 0.0577475 2.58936 -1.05422
-2.88415 0.570666 2.97589 -0.290804 -2.87736 -0.296567
2.41176 -0.151458 2.70707 -0.414206 -1.98695 -0.916945
0.191396 1.225 -1.37592 0.946323 -1.92116 0.393873
-1.68363 1.28339 -0.537653 0.819957 -1.19298 0.12185
-0.0441502 1.73377 -2.58141 0.0725667 2.88506 -0.566127
0.0731808 1.36403 -0.773101 -0.808869 2.94482 -0.944829
0.983282 -0.718363 1.76678 -0.987703 3.12529 -0.516185
-2.7975 0.732004 -2.94112 0.176653 -2.84347 -0.439099
2.94968 0.243551 -2.29224 0.141913 -2.64421 -0.739325
2.51312 -0.0580306 -1.32557 1.13244 -2.86217 -0.775765
-0.45021 1.6414 -0.784014 0.900229 3.09696 -0.75791
0.305631 1.21078 2.47389 -0.439119 -0.984346 -1.41481
-2.14017 1.06439 2.27009 -0.749413 -1.29163 -1.266
-0.866708 0.550984 2.80692 -0.257805 1.92455 -1.26514
1.14433 -0.752647 -2.99568 0.0834551 2.87028 -0.745504
-2.51358 0.948065 -2.96501 -0.0667637 2.70252 -0.78963
-1.74434 1.24573 3.00536 -0.270353 -3.03864 -0.396621
-0.137235 1.74622 2.59408 -0.498389 3.06471 -0.839636
0.0328704 1.36621 -1.57285 -0.0496729 2.1625 -1.28888
2.21699 -0.187457 -1.77485 0.0500272 2.93145 -0.645778
1.75656 -0.520814 0.886254 -1.2316 2.74976 -1.01059
2.75319 0.147651 2.31464 -0.632444 -2.84396 -0.278668
-2.72522 0.724979 2.09124 -0.722432 -1.31866 -1.29134
-2.72158 0.710337 3.06091 -0.0316621 2.84857 -0.578669
3.00329 0.285015 2.4993 -0.579326 2.25249 -1.24503
2.31294 -0.194869 1.11038 -1.27141 3.09425 -0.551814
-1.2075 1.06763 2.48152 -0.465187 -2.48011 -0.283617
-1.2349 1.27435 1.98669 -0.895204 -0.83158 0.419487
0.147568 -0.521494 -2.88967 0.2058 -2.73323 -0.757734
1.88469 -0.426367 -1.82922 0.00629501 3.08893 -0.836203
1.63794 -0.554008 2.42523 -0.457404 2.33553 -1.23001
-3.02851 0.557655 1.24757 -1.21294 3.08836 -0.521396
2.14455 -0.300471 2.74752 -0.296434 -2.73908 -0.388388
0.298215 -0.660683 -2.4384 0.425348 -1.22137 -1.32148
2.23383 -0.232567 -0.299851 0.899244 1.45289 -1.53954
1.35249 -0.657864 -3.09157 -0.144292 2.46151 -1.01841
-2.43013 1.00041 2.53344 -0.558653 -2.93182 -0.332783
-1.32819 1.22779 1.33844 -1.21705 -2.63491 -0.755654
2.17362 -0.249352 2.77389 -0.244506 -2.86641 -0.790801
0.455394 -0.678631 -2.82895 0.193359 3.08945 -0.686441
2.65481 0.0849669 -1.74678 0.00294868 -1.57806 0.070847
-1.72124 1.40824 0.271263 -1.25508 -0.858858 0.259651
0.422291 1.11416 1.64329 -0.998499 -2.72454 -0.798049
-2.94124 0.549408 -3.03614 0.10816 2.99495 -0.825002
2.20096 -0.265943 -2.9693 -0.0855813 2.13231 -1.24366
0.522561 -0.732978 2.98457 -0.297717 3.01563 -0.609676
2.72074 0.109646 2.65516 -0.393944 -1.13228 0.0922903
-2.35727 1.03848 -1.177 0.945181 0.501954 -1.77331
-1.24055 1.2367 -0.427968 0.816184 2.43485 -1.12483
-0.331644 -0.187759 -3.12068 -0.20144 -2.99935 -0.401036
1.01816 -0.742324 2.49324 -0.611879 -3.13218 -0.834536
-2.68438 0.823297 1.12052 -1.21576 -1.61943 -1.04964
-2.74408 0.682819 2.60522 -0.401128 -2.12188 0.328612
2.95319 0.237428 -0.763381 0.834065 -1.21793 0.078952
2.48366 -0.0869928 -0.51054 -0.992647 -2.78176 -0.122257
-0.11768 1.60931 1.53427 -1.09572 -1.44403 0.598954
0.382752 1.14129 3.10453 -0.0167964 -0.914598 0.210461
-3.029 0.456634 2.60974 -0.526148 -2.41955 -0.783901
2.1066 -0.346949 -1.97104 0.0339398 -1.5346 -1.16231
0.348948 -0.621928 -1.57368 1.09169 -2.08057 0.365646
2.40196 -0.0922866 -0.841074 0.866807 -1.21855 0.1038
0.137046 1.33233 -2.69982 0.382819 -2.70274 -0.0522383
-0.76873 0.343177 -0.826656 1.16499 -0.85526 0.376068
0.780327 -0.71854 -0.497032 0.83103 -2.77763 -0.733417
-2.96413 0.596501 -2.71672 0.0342911 3.02372 -0.830486
2.31391 -0.206803 -1.96289 0.0779854 2.1222 -1.27492
-1.46388 1.22703 -1.6054 1.02969 2.9873 -0.646109
-0.37039 1.84044 -0.820432 0.892826 -2.50103 -0.726429
0.100722 1.39749 -2.54246 0.512775 -1.98283 -0.878973
-2.06675 1.26005 -0.358854 0.860454 -1.79571 0.469316
0.281996 1.50729 -3.10614 -0.210656 -1.15482 0.0766783
0.344554 1.19633 2.46166 -0.578714 1.25808 -1.58198
-2.3339 0.95974 1.08478 -1.24548 2.45113 -1.04118
-1.42083 1.26843 2.53778 -0.464147 -2.951 -0.359259
-0.449874 1.795 -2.76659 -0.0372468 -2.83711 -0.780307
0.136357 1.40603 -2.25179 0.196335 2.99463 -0.761019
-1.77815 1.44963 -1.13739 1.20101 2.24021 -1.2455
0.456967 1.11467 -0.791556 0.835829 3.08975 -0.547421
-3.02051 0.450536 0.21876 -1.26028 -2.50615 -0.287061
2.10574 -0.303958 1.61182 -1.027 -0.860325 0.478447
0.298705 -0.625164 -3.08419 0.0603422 -2.47144 -0.748452
2.27058 -0.190428 3.03198 -0.262245 -1.83698 -0.970211
-2.45696 0.846769 2.53483 -0.55216 -1.66458 0.501505
-1.65318 1.31407 1.23642 -1.20866 -1.05733 0.1677
0.0668489 1.70329 2.74759 -0.289209 -1.02998 -1.39753
0.117244 1.35022 -2.47053 0.413415 -0.935371 -1.46641
-0.376082 -0.164989 -0.376766 0.895685 -1.25104 -1.31925
0.896437 -0.698393 -2.74912 0.0497678 1.87331 -1.26252
-2.78433 0.738615 -2.15396 0.164722 2.85061 -0.714806
3.04179 0.307605 -0.990983 1.19757 2.45643 -1.00047
2.20039 -0.27499 -0.719237 0.799116 -2.93844 -0.363444
0.450415 -0.668253 -1.60585 -0.0380057 -2.85497 -0.718694
2.66212 0.0959663 -1.56848 -0.105416 2.97422 -0.815763
-1.76567 1.39137 -1.77736 -0.00282428 2.24183 -1.1657
0.461227 1.134 0.972699 -1.2374 3.12514 -0.533501
-2.35841 0.964991 2.32712 -0.581517 -2.80522 -0.396884
-1.5674 1.30788 1.6414 -1.00582 -2.17194 -0.798962
0.17843 1.62015 -3.07589 0.053839 -2.91714 -0.202253
0.147386 1.28709 3.09299 -0.243182 -1.50864 -1.16821
-1.11998 1.21587 2.4107 -0.59397 -2.23009 0.287569
-1.1311 1.16245 1.28715 -1.16538 -1.1838 0.114973
-1.27798 1.22829 2.79857 -0.26305 2.54108 -0.828357
0.206714 -0.579803 -2.92315 0.0800313 -2.87835 -0.309355
1.98319 -0.390114 -2.4167 0.180424 -2.1426 -0.781432
0.934447 -0.699533 -2.92421 0.233565 -2.40699 0.16672
-2.78204 0.730263 -1.93762 0.0826635 -1.0828 0.111756
3.13098 0.361251 -1.8159 0.939782 -0.633851 -1.62137
2.07069 -0.370623 -0.780997 0.891995 -2.23372 -0.859152
0.516604 -0.674601 1.86148 -0.84257 0.912283 -1.70713
2.74216 0.144981 -2.95803 0.148993 2.38881 -1.12417
-2.57031 0.851655 -2.37934 0.0981286 -3.03462 -0.435767
-1.97382 1.10598 -2.01321 0.8806 3.04973 -0.849888
-2.45113 1.00924 -0.700747 0.844261 2.17253 -1.19797
-1.38903 1.27759 -1.40551 -0.270442 3.07125 -0.555652
-0.704984 1.80008 -2.55077 0.0561216 -2.33059 -0.190733
0.0304164 1.35937 -0.255289 -1.03661 -0.890972 0.176006
1.25672 -0.626469 1.4797 -1.11156 -2.65595 -0.7347
-2.56014 0.901035 3.03074 -0.0812455 -2.91376 -0.764726
-1.882 1.16937 2.46602 -0.614311 -3.10493 -0.668705
-1.10574 1.70974 1.19695 -1.17774 -2.39835 -0.245536
0.196948 1.31385 2.71955 -0.305346 -0.830518 0.28939
-1.08407 1.0343 -2.18527 0.594351 -2.84099 -0.77484
-2.11866 1.05664 -0.511745 0.775507 3.0336 -0.792362
-0.598191 0.0711824 -2.97116 -0.0575312 2.18036 -1.28888
0.719112 -0.714645 2.95221 -0.28433 2.94301 -0.637919
-3.10898 0.478107 2.7695 -0.346884 -2.8675 -0.78181
2.07489 -0.355213 -2.31168 0.501151 3.0862 -0.741592
0.505576 -0.728515 -0.378461 0.835784 -1.8177 0.435953
2.61639 0.0665652 3.03912 -0.240369 -1.14924 0.133059
-1.31242 1.60221 2.4935 -0.558285 1.35381 -1.56153
0.291071 1.16125 1.129 -1.27187 2.50437 -1.02592
-2.78555 0.613007 2.50156 -0.4516 -2.92381 -0.36344
2.92866 0.243391 2.99995 -0.265613 -2.76894 -0.721229
2.6453 0.0521021 2.59806 -0.476747 3.0617 -0.828745
-1.52212 1.50252 -1.18975 1.16265 2.21329 -1.272
0.324803 1.12173 -0.738322 0.89289 3.04518 -0.607694
3.0732 0.346957 0.182838 -1.20262 -1.38969 0.116399
2.15217 -0.286359 1.67607 -1.0186 -0.933893 0.494591
0.312847 -0.670272 -3.06063 0.0556425 -1.92381 -0.948268
2.26545 -0.212924 -3.10554 -0.123332 -1.82558 0.437327
3.00422 0.295536 2.50926 -0.557488 -1.15485 0.134318
2.33776 -0.164255 1.18149 -1.24613 1.56495 -1.45807
-0.00493844 1.69947 2.63769 -0.395713 2.61043 -0.934582
0.0666228 1.34028 -0.963732 0.952651 -2.85741 -0.307059
-0.358582 -0.0989975 -0.341504 0.973061 -1.88725 -0.905387
0.956689 -0.718829 -2.24011 0.144501 -1.64474 0.531477
-2.76378 0.73655 -1.19632 1.16503 -1.06623 0.11545
-2.99195 0.469799 -0.74184 0.896695 -0.937645 -1.49659
2.1764 -0.26806 0.430337 -1.23518 -1.01713 -1.39069
0.375978 -0.673661 1.86623 -0.907517 -1.15669 -1.33682
2.44093 -0.0805661 -2.93302 0.15729 0.278478 -1.81256
-0.0870601 1.48162 -2.15694 0.220048 2.66198 -1.05761
0.542949 1.16785 -0.944033 1.23087 -2.88557 -0.279952
-1.68136 1.26592 -0.687703 0.832682 -1.99241 -0.880592
-0.00847846 1.70454 -1.5979 -0.142493 -1.83196 0.451357
0.0661526 1.34482 -1.58639 -0.0278072 -1.1709 0.0674289
-0.194911 -0.256769 -1.6885 0.00482674 1.85086 -1.2818
1.21632 -0.673216 -0.802078 -0.749554 2.82658 -0.740561
-2.5248 0.919216 1.83648 -0.996437 2.75003 -0.780738
-1.65546 1.21941 -2.94858 0.129643 -3.06637 -0.443879
0.241276 1.62215 -2.2654 0.1878 2.96912 -0.802137
0.197526 1.29655 -1.18744 1.18798 2.15491 -1.22369
-1.19023 1.12944 -0.812676 0.833233 3.04128 -0.588832
-1.20738 1.08493 0.937516 -1.25156 -1.71054 8.10917e-05
-1.176 1.24496 2.27621 -0.623227 -0.904236 0.225552
-0.848754 0.604139 2.14643 -0.713342 -2.47158 -0.754041
1.12445 -0.734447 2.98039 -0.119796 -1.86806 -0.960955
-2.56896 0.874502 2.47665 -0.606015 -1.68237 0.492294
-1.67576 1.30146 1.15795 -1.20201 -1.06909 0.15945
0.0171892 1.71978 2.65355 -0.364166 -0.833525 -1.50204
0.0984048 1.35863 -1.36636 0.882336 -1.84097 -0.977807
0.1689 -0.57115 -0.555222 0.771927 -1.70062 0.48691
1.85634 -0.410852 -2.75473 0.0412797 -1.08208 0.156801
1.64396 -0.519785 -2.184 0.158199 -0.575069 -1.61397
3.07835 0.40007 -1.01564 1.19147 -2.56151 -0.765065
2.09101 -0.349169 -0.735268 0.795705 -2.54652 -0.777597
0.388199 -0.632347 -1.49549 -0.134759 -2.5707 -0.706895
2.48873 -0.0316238 -2.16491 0.154499 -2.36642 -0.754819
-0.324293 1.64485 -1.03686 1.19084 -0.412336 -1.68798
0.254181 1.18018 -0.748099 0.798849 -2.79166 -0.794199
-2.37267 0.951736 -1.34255 -0.263141 2.96129 -0.802224
-1.60682 1.2937 -2.8815 -0.0408338 2.17314 -1.20518
0.154317 1.62839 -2.8773 -0.0558605 3.06461 -0.567481
0.132114 1.29251 -2.83798 -0.0603992 -2.15442 -0.123968
-1.07621 1.14214 -2.62364 0.107487 -0.964312 0.186778
-1.58762 1.29595 -1.25908 -0.368831 -2.07934 -0.846446
0.137218 1.63938 3.0801 -0.243171 -2.28603 0.22428
0.124292 1.30128 2.46789 -0.608404 -1.17065 0.0665508
-1.01385 1.04055 1.19069 -1.18713 1.83007 -1.29061
-2.59757 0.786806 2.70015 -0.326114 2.81117 -0.747834
-2.60744 0.766346 -1.93301 0.715931 2.82697 -0.717056
-2.56481 0.778931 -0.627773 0.775457 2.71508 -0.819038
-2.16055 1.08652 -2.34144 0.181997 -2.96134 -0.317185
-1.00802 0.95386 -1.83714 0.957422 -2.75619 -0.729901
3.11775 0.359661 -0.8115 0.836003 3.08054 -0.831317
2.07961 -0.353269 0.913024 -1.25157 2.34208 -1.22187
0.425078 -0.638503 2.25329 -0.634575 3.1031 -0.502022
2.57529 0.0321281 2.28961 -0.612089 -2.93016 -0.504707
-0.964536 1.688 2.07199 -0.772949 3.09718 -0.826478
0.202391 1.22447 -3.06364 0.0523091 2.78778 -1.0157
-1.76702 1.27485 -3.09809 -0.128511 -2.86179 -0.248791
-0.707258 1.82843 2.5289 -0.553504 -1.41626 -1.17578
0.102088 1.36145 1.35381 -1.20461 3.03501 -0.453683
0.150817 -0.556038 2.83292 -0.254009 -2.65253 -0.368113
1.82342 -0.42391 3.12566 -0.0446375 2.21657 -1.03671
1.87654 -0.404377 2.55396 -0.537482 -3.09278 -0.447896
1.51916 -0.580458 2.02182 -0.8995 3.01253 -0.796595
-2.77214 0.726745 -2.89771 0.1778 2.13826 -1.28399
-2.93613 0.563782 -1.83654 0.113917 2.92328 -0.640478
2.20108 -0.259492 2.74615 -0.240104 2.87627 -0.942822
0.545354 -0.728942 -2.71239 0.250275 -3.0778 -0.428681
2.78773 0.165587 1.46369 -1.07475 3.01903 -0.827283
-2.95152 0.598723 2.95706 -0.109498 2.14196 -1.2047
2.24311 -0.233195 2.46778 -0.565686 3.05465 -0.553484
1.38088 -0.671112 1.09167 -1.26023 -2.27465 -0.144214
-2.46689 0.956279 2.52587 -0.484621 -0.922859 0.161742
-1.37865 1.18109 2.19566 -0.763145 -2.46654 -0.718861
2.69639 0.140375 2.98509 -0.0938847 -1.61767 -1.05726
-2.17596 1.14335 2.44833 -0.601906 -2.03533 0.366396
0.719148 -0.707637 1.28332 -1.2022 -1.22221 0.0676094
3.02838 0.338656 2.70484 -0.302793 -2.69157 -0.0648823
2.11918 -0.297292 -2.08065 0.669893 -0.822717 0.387054
0.292484 -0.641126 -0.541781 0.792894 -2.81556 -0.773348
2.23829 -0.220877 -2.71912 -0.00728973 3.01473 -0.821157
1.72572 -0.56733 -1.96633 0.172285 2.24781 -1.19694
3.10972 0.441808 -1.45568 1.12678 3.04062 -0.562663
2.06633 -0.344341 -0.854777 0.855754 -2.08867 -0.065838
0.483013 -0.706673 -2.54659 0.486848 -0.991594 0.128308
2.59927 0.0155883 -0.313822 0.876618 -1.87721 -0.999499
-1.14435 1.67045 3.07248 -0.221953 -1.75847 0.504675
0.282415 1.19312 2.4479 -0.597764 -1.14127 0.110855
-2.37385 0.906288 1.26261 -1.20854 1.0029 -1.70934
-1.47944 1.21333 2.68069 -0.319454 2.44279 -1.11918
-0.245432 1.81175 -1.80982 0.799748 -3.056 -0.416699
0.0814024 1.39584 -0.61846 0.806679 3.00694 -0.832921
-1.80814 1.41261 -2.22944 0.104275 2.22456 -1.19388
0.398054 1.10778 -1.06916 1.23753 3.09265 -0.571587
3.12943 0.387374 -0.750984 0.86588 -2.25929 -0.109041
2.06919 -0.340155 -0.196148 -1.10805 -0.928269 0.177529
0.462003 -0.700347 1.53416 -1.1196 -2.34779 -0.805878
2.56013 -0.0113524 3.02901 -0.0502806 -0.727566 -1.59517
-0.780607 1.73634 2.4357 -0.598357 -1.9298 -0.893811
0.233408 1.24381 1.24539 -1.19497 -1.7185 0.505568
-1.70206 1.2275 2.72455 -0.331237 -1.11448 0.0984731
-0.0195233 1.68121 -2.03101 0.720777 0.135469 -1.82511
0.171876 1.35223 -0.530276 0.816704 2.76028 -0.974727
-0.588735 0.146334 -2.64566 0.053413 -2.88091 -0.285629
0.755763 -0.750523 -1.47416 -0.2422 -1.93857 -0.934053
-3.12788 0.440172 -2.19813 0.212084 -1.78118 0.454024
2.05888 -0.335675 -1.03361 1.22366 -1.1315 0.138506
0.460153 -0.677723 -0.740215 0.839842 0.746968 -1.75728
2.5957 0.0280863 -0.922904 -0.694779 2.42029 -1.13452
-1.21872 1.60057 2.0307 -0.847328 -3.02502 -0.441131
0.309791 1.20624 -2.93663 0.186786 2.98351 -0.823609
-2.23284 1.0143 -2.24728 0.149986 2.18638 -1.20151
-1.13481 1.05417 -1.14038 1.17352 3.07253 -0.567291
-1.70625 1.20247 -0.719213 0.890419 -2.19758 -0.149625
0.165857 1.66509 -0.414916 -0.974826 -0.948757 0.186832
0.161191 1.32793 1.50435 -1.12134 -2.19892 -0.814591
-0.921455 0.666497 3.03498 -0.0894826 2.5663 -0.816003
1.49836 -0.653023 2.41926 -0.589264 -2.87545 -0.316078
-2.49967 0.96198 1.20544 -1.18832 -2.14926 -0.79457
-1.68595 1.26768 2.70848 -0.325249 -2.57102 0.0506127
0.0422914 1.68118 -2.00298 0.675207 -0.916159 0.169243
0.0810972 1.32987 -0.535314 0.843435 -2.42893 -0.81028
-0.671739 0.32977 -2.46345 0.145502 -1.90201 -0.896777
0.732293 -0.733234 1.89695 -0.83038 -1.65251 0.530293
-3.11276 0.466216 -2.96266 0.136565 -1.07225 0.115059
2.08483 -0.359999 -2.38384 0.201711 -0.829112 -1.54727
0.435288 -0.648239 -2.29896 0.693094 -1.58954 -1.06475
2.58488 0.0347221 -0.529493 0.798468 -2.21666 0.274796
-1.06532 1.66168 -2.75418 -0.0113991 -1.19612 0.0796471
0.204365 1.21062 -2.18267 0.0846623 2.85776 -0.607294
-1.93905 1.19438 -0.951909 1.23227 2.08807 -1.2593
1.29862 -0.624357 -0.69267 0.835598 2.98621 -0.615089
-2.57774 0.880738 -1.53191 -0.189762 -0.861018 0.301453
-1.92135 1.13925 -1.94911 0.0266176 -2.6948 -0.794697
-1.36661 1.66414 -1.71792 1.02776 3.0516 -0.813033
0.296568 1.19181 -0.821718 0.859784 2.4166 -1.16543
-2.41923 0.885049 2.40029 -0.514725 -3.03094 -0.424991
-1.66498 1.21972 1.19225 -1.24757 3.0538 -0.847297
0.236241 1.62755 2.56949 -0.411693 2.09686 -1.24934
0.195773 1.3012 -0.403961 0.838002 2.99772 -0.604794
-1.1558 1.095 -3.07956 -0.176019 -1.10171 0.123225
-1.44538 1.2242 2.57003 -0.567364 -0.163117 -1.77572
-0.544436 1.84829 1.48579 -1.12894 3.10094 -0.830042
0.111295 1.3834 3.04628 -0.0615973 -2.51891 -0.750843
2.06859 -0.298043 2.47598 -0.602461 -2.23095 -0.813582
0.376985 -0.693242 1.20765 -1.2397 1.99049 -1.22975
2.35473 -0.111455 2.59213 -0.393709 2.85296 -0.699387
0.413769 1.13767 -0.712009 0.852307 2.28293 -1.12016
-2.95673 0.511102 -1.11994 -0.525939 -3.0997 -0.475265
2.23153 -0.272213 2.61961 -0.552233 3.08602 -0.756246
0.715675 -0.721778 -2.81157 0.0143096 -1.61345 -1.0492
-3.07227 0.512658 -2.50567 0.11926 -2.16015 0.309729
2.09733 -0.336389 0.972696 -1.22404 -1.21085 0.0829053
0.394862 -0.69576 2.40237 -0.578762 -2.96858 -0.257342
2.3958 -0.0827952 1.36715 -1.11999 -2.51687 -0.707546
0.191539 1.32052 2.92096 -0.156921 -1.97876 -0.879655
-0.986164 0.82155 2.58413 -0.497382 -1.78352 0.47462
2.30343 -0.232691 -1.96385 0.0370368 -1.14883 0.0790791
-2.46393 0.892458 -1.62862 1.07131 1.04187 -1.66006
-2.0118 1.14678 -0.831542 0.868558 2.38794 -1.09965
0.217856 -0.567484 -3.03812 0.1282 -3.01682 -0.409699
2.0224 -0.357002 -2.77337 -0.0289376 3.09218 -0.84143
0.616538 -0.676504 -2.24731 0.198 2.13942 -1.27795
2.97962 0.334484 -1.12137 1.20417 3.01309 -0.58962
2.30363 -0.19446 -0.784616 0.835624 -1.51637 0.0639403
-1.45336 1.23153 -0.00853814 -1.20558 -0.851448 0.306295
-0.432762 1.84842 1.49944 -1.08513 -2.82925 -0.736942
0.109747 1.39428 3.07702 -0.034095 2.97534 -0.822567
-2.67959 0.823895 2.53061 -0.568823 2.27271 -1.14264
-2.45935 0.850284 1.23619 -1.25549 -3.12556 -0.509266
-1.64672 1.31697 2.62409 -0.366666 -3.07408 -0.585441
0.0819022 1.69712 -1.12493 0.926381 -3.10321 -0.628764
0.122641 1.34667 -0.397054 0.827727 -2.75293 -0.407672
-0.511675 -0.0111986 3.11249 -0.244199 -1.62614 -1.10405
0.756297 -0.700866 2.40683 -0.600159 -1.82059 0.491973
-3.01136 0.562799 1.33621 -1.14692 -1.1723 0.121435
2.18792 -0.281104 2.85792 -0.218321 2.16115 -1.10125
0.409922 -0.714158 2.90959 -0.262137 3.104 -0.548819
2.4557 -0.0390552 2.81092 -0.28492 -2.57218 -0.253001
-0.0886462 1.57128 -2.86353 0.159322 -1.05164 0.573967
0.41005 1.12366 -2.01915 0.107268 1.45133 -1.52017
-3.12796 0.373924 -1.25529 1.14531 2.55025 -0.992124
2.02618 -0.342904 -0.767246 0.890935 -2.92138 -0.297765
0.569842 -0.685057 1.24302 -1.12882 -2.42565 -0.736047
2.85025 0.225633 2.76011 -0.292043 -1.19554 -1.32248
2.8802 0.211558 -2.54996 0.344659 0.888097 -1.74334
2.73817 0.0911632 -0.385899 1.07262 2.3346 -1.13736
-2.42795 0.981614 0.290022 -1.22732 -3.05942 -0.421795
-1.46088 1.28394 1.75203 -0.980804 3.00394 -0.832447
-0.0710177 1.71948 -3.00144 0.0974654 2.25066 -1.17544
0.0409243 1.35151 -2.6818 0.0924656 3.11868 -0.553596
0.501619 -0.63847 -1.71891 0.0100163 -2.59058 -0.283344
2.67229 0.0934004 -0.305996 -1.06203 -1.2859 0.587731
-1.91304 1.29552 1.53202 -1.12785 -0.878784 0.400108
0.447071 1.24794 3.02004 -0.0594213 -2.53716 -0.806946
-0.295288 -0.174264 2.43143 -0.601737 -2.64762 -0.718931
1.05329 -0.711164 1.28545 -1.18188 -2.82178 -0.752018
-2.65803 0.81407 2.77047 -0.29829 3.01124 -0.829065
-2.34015 0.911904 -2.56037 0.396199 2.29261 -1.15937
-1.205 1.24593 -0.580647 1.16401 3.09451 -0.519837
-0.645331 0.223637 -0.360853 0.888099 -2.77065 -0.413665
0.748064 -0.755491 -2.89003 -0.0842124 -1.90129 -0.955046
3.13799 0.424961 -2.94916 -0.0375555 -1.72757 0.471161
2.05084 -0.341475 3.0803 -0.206084 -1.09829 0.143182
0.501558 -0.688985 2.43793 -0.606536 -0.223227 -1.73481
2.67702 0.0858303 1.33735 -1.17735 3.1407 -0.861428
-2.00542 1.22697 2.78161 -0.241965 3.04254 -0.923999
0.477494 1.38801 -2.88921 0.144812 2.59306 -0.873709
