0.2 0
0.199302 -0.0154426
0.197489 -0.0222217
0.195408 -0.0207464
0.193857 -0.0115188
0.193582 0.00487535
0.195266 0.0277769
0.199523 0.056464
0.206893 0.0901636
1.3673 -1.12342
2.92984 -0.144407
2.548 -0.518605
2.20662 -0.806205
-3.13623 0.0474087
2.76727 -0.400976
-1.96889 0.707315
-0.608789 0.781149
-2.41586 0.178794
3.13054 0.0595044
2.802 -0.396723
-2.25636 0.533877
-0.415803 0.829427
-3.1243 -0.167611
2.47368 -0.595888
1.16507 -1.24505
2.5538 -0.413192
-0.34428 0.954357
-2.40423 0.123347
-2.74901 0.341479
-1.74562 1.02661
-0.795698 0.873997
1.75443 -0.913307
-3.00129 0.102481
-2.68168 0.0991981
-1.72209 0.0228135
-0.253982 -1.0798
1.52506 -1.1239
3.02104 -0.0545953
2.42826 -0.599579
1.27342 -1.18185
2.76316 -0.299789
-2.49773 0.443457
-0.361997 1.02132
-1.58773 -0.112804
-1.66207 -0.0969833
-1.09753 -0.450119
2.39884 -0.643009
1.62573 -1.02217
-3.1044 0.023715
2.90862 -0.287101
2.95253 -0.184594
2.56417 -0.499495
-2.80632 -0.0370214
-2.47282 0.179702
1.70978 -0.91862
-3.00899 0.115116
-2.76437 -0.00708185
-2.20552 0.0870745
-0.976072 1.23188
-0.707433 0.839091
-1.35874 -0.329996
-2.73827 -0.0259693
-2.07206 0.179064
-1.0343 1.20906
-0.743681 0.821463
-1.11499 -0.566088
2.61354 -0.503014
-1.40211 1.13497
-0.858321 0.843543
-2.83287 0.268955
-0.0712207 -1.12289
1.53861 -1.08698
3.08631 -0.0452559
2.56769 -0.567081
1.45778 -1.13877
3.01471 -0.0853393
2.44941 -0.612369
1.34309 -1.18356
2.77342 -0.255645
-2.78713 0.210786
-1.21629 -0.441229
2.95874 -0.337649
2.85197 -0.256723
3.08553 -0.09527
2.47972 -0.599037
1.1806 -1.24808
2.56022 -0.415545
-0.350603 0.917405
-2.70051 0.0189142
-1.86145 0.00120583
-3.0376 0.157381
-2.82014 -0.000896005
-2.51648 0.0915655
0.759671 -1.27393
2.08014 -0.750263
-3.13535 0.0284666
2.7889 -0.410813
-2.08552 0.622052
-0.518566 0.82838
-2.63845 0.0726516
-1.42635 -0.25754
-2.44651 0.0769575
2.66949 -0.284186
-1.94167 0.736859
-0.597109 0.797186
-2.4026 0.0839407
-2.61136 0.481586
-0.38259 1.02845
-1.30422 -0.360382
-2.98695 -0.135676
2.84686 -0.335314
-2.83614 0.180431
-1.79254 0.0125701
1.45375 -1.07844
2.94621 -0.117054
2.48718 -0.549126
1.12225 -1.26233
2.55999 -0.458499
-1.59217 -0.0424867
-1.66058 -0.03079
-1.1098 -0.519715
2.56459 -0.579712
1.29612 -1.18699
2.8302 -0.221637
3.04826 -0.134992
2.45504 -0.618127
1.26451 -1.15327
2.805 -0.240148
-3.04076 0.013079
3.07112 -0.252036
2.42595 -0.576206
1.14882 -1.21288
2.63056 -0.387757
-1.0506 0.873226
-0.313365 0.959595
-2.49808 0.129073
0.896776 -1.23026
2.3258 -0.625244
1.99687 -0.782784
-3.01245 0.127917
-2.78872 0.000284003
-2.34211 0.108661
-1.58105 1.09996
-0.824467 0.88186
-2.80689 0.312214
0.660502 -1.27432
1.98194 -0.805347
-2.97549 0.156914
-2.53266 0.101288
0.298084 -1.26078
1.66264 -0.990143
-3.02172 0.117636
-2.87171 -0.0372419
-2.80296 -0.0281877
-2.41452 0.191995
-2.92092 0.241424
-1.92793 0.093652
-1.90497 0.89962
-0.743329 0.892584
0.265315 -1.21532
1.73294 -0.984579
-3.00756 0.0990452
-2.73402 0.0794485
-2.03745 0.168206
-1.12678 1.19681
-0.789347 0.827564
-0.188081 -1.05854
1.48496 -1.09981
3.04935 -0.0608402
2.48203 -0.601216
1.19282 -1.24806
2.56881 -0.412973
-0.392395 0.844747
-3.0825 -0.178804
2.56334 -0.572128
1.33465 -1.18353
2.86136 -0.205813
2.86385 -0.285593
3.11265 -0.112802
2.49435 -0.561212
1.10334 -1.25737
2.55228 -0.455287
-1.71688 -0.0937714
-0.406245 -0.972294
1.49394 -1.12054
3.03122 -0.0882099
2.47282 -0.617892
1.21328 -1.18051
2.72634 -0.307456
-2.22816 0.560305
-0.499118 0.768935
-3.07065 -0.125108
2.58455 -0.522625
-2.74538 -0.00320142
-2.13779 0.0875386
-0.93576 1.23734
-0.682006 0.839409
-1.59154 -0.134973
-1.6238 -0.149058
-1.3923 -0.215248
-2.65292 0.0664733
-1.52587 -0.180764
-1.97692 0.0470995
-1.47087 1.13407
-0.839969 0.873112
-2.50549 0.5267
-0.403744 0.805595
2.98168 -0.263798
2.64008 -0.434078
-0.820457 0.854574
2.3731 -0.543692
1.33051 -1.13212
2.88047 -0.185756
2.74707 -0.369485
-2.02637 0.652869
-0.540859 0.83286
-2.49737 0.121479
0.958114 -1.2232
2.39039 -0.58366
1.43619 -1.08647
3.01202 -0.0825553
2.44457 -0.61018
1.33606 -1.18134
2.77354 -0.251107
-2.80414 0.203676
-1.46807 -0.218714
-2.25816 0.101382
-1.13455 1.22561
-0.777971 0.867537
0.765223 -1.25276
2.17837 -0.730154
2.99635 -0.0695441
2.42789 -0.600314
1.29582 -1.17802
2.78296 -0.288939
-2.69514 0.301938
1.54667 -1.00463
3.12082 -0.010541
2.6726 -0.49606
-0.555201 0.856274
-2.25681 0.169913
-1.2398 1.17081
-0.833705 0.827222
1.55607 -0.984564
-3.1253 0.0347881
2.81484 -0.388664
-2.39044 0.452462
-0.327437 0.861517
3.01148 -0.257799
2.56103 -0.505934
3.05848 -0.270901
2.45431 -0.551887
1.04843 -1.2513
2.50553 -0.479744
2.02244 -0.91005
-2.87533 0.24657
-1.7982 0.067451
1.6199 -0.982306
-3.10913 0.0183427
2.88499 -0.304642
3.11912 -0.0595166
2.54262 -0.553968
1.48609 -1.16604
2.96288 -0.0998652
2.45224 -0.571124
1.1055 -1.24498
2.55388 -0.457829
-1.82487 0.120369
2.26189 -0.584957
2.02638 -0.793276
-3.0088 0.10232
-2.72337 0.0835517
-1.9763 0.150423
-1.42177 1.1268
-0.864805 0.83993
-2.66154 0.451474
-0.65102 1.19664
-0.421565 0.821191
-3.11493 -0.198942
2.44257 -0.577066
1.08623 -1.22855
2.56095 -0.43479
-1.14869 1.17391
-0.803882 0.804829
-0.317865 -1.02121
1.49018 -1.12005
3.02468 -0.0948723
2.46989 -0.620093
1.24275 -1.17155
2.76054 -0.282936
-2.59152 0.327697
-0.712674 1.14233
-0.3741 0.848703
3.12788 -0.198745
2.44766 -0.617233
1.37655 -1.17037
2.81564 -0.22423
3.13276 -0.0610906
2.58636 -0.53927
2.79098 -0.448529
-1.81143 0.810812
-0.606431 0.81681
-2.23818 0.121976
-1.20036 1.1515
-0.750876 0.880102
0.197125 -1.21716
1.68871 -1.0217
-3.06319 0.044721
-3.11576 -0.141356
2.49316 -0.576273
1.09579 -1.26728
2.52371 -0.489732
1.97344 -0.894779
-2.88624 0.21546
-1.82006 0.0196034
2.22442 -0.647159
2.58351 -0.386338
-0.693551 0.852567
-1.33723 -0.337259
-2.84138 -0.0648804
-2.66589 0.0940183
-1.60927 -0.0740736
-1.51678 -0.186858
-2.02845 0.0661056
-1.18252 1.21448
-0.795033 0.86728
1.50564 -1.04216
3.04414 -0.0889705
2.4355 -0.588335
1.16879 -1.21034
2.64878 -0.377797
-1.25121 0.873918
-0.408931 0.836816
-3.09572 -0.155755
2.52698 -0.569566
1.21266 -1.25936
2.59827 -0.383954
-0.825009 0.887291
-2.38261 0.614781
-0.505473 0.771657
-3.02623 -0.0921799
2.7261 -0.429077
-1.49903 0.871732
-0.607812 0.783023
-2.40594 0.178199
-2.91063 0.244903
-1.81921 0.0305312
2.20262 -0.657764
2.68573 -0.305835
-1.92671 0.747849
-0.596642 0.801377
-2.38151 0.0929184
-2.22968 0.748365
-0.561751 0.816463
-2.48651 0.102113
1.35864 -1.11496
2.82881 -0.20553
3.01129 -0.144524
2.45079 -0.59499
1.23765 -1.21722
2.64947 -0.342041
-1.45081 0.91087
-0.576941 0.805165
-2.46068 0.0814212
2.13731 -0.655625
2.76405 -0.259526
-2.72026 0.25048
0.91451 -1.24303
2.26492 -0.619348
2.13174 -0.711509
2.98408 -0.105731
2.46093 -0.605143
1.17054 -1.18378
2.69109 -0.324276
-1.87013 0.756235
-0.628136 0.78872
-2.26309 0.209392
-1.25551 1.18951
-0.82213 0.858054
2.40811 -0.511772
1.052 -1.22261
2.54229 -0.434768
0.582026 -1.25822
1.99831 -0.842564
-2.93309 0.205525
-2.25948 0.185702
-1.16501 1.19051
-0.805255 0.829825
0.396675 -1.21209
1.84109 -0.904686
-2.9289 0.176896
-2.17196 0.118236
-0.912528 1.25308
-0.666254 0.855293
-1.59264 -0.104179
-1.63338 -0.112528
-1.31232 -0.404659
-2.89754 -0.0295473
-2.9602 -0.0794333
3.02592 -0.271268
2.55735 -0.539129
1.70606 -1.03493
-3.00319 0.119575
-2.7307 0.00949908
-2.00725 0.0526525
-1.24858 1.19547
-0.81664 0.863835
2.39646 -0.516545
1.20427 -1.24146
2.58734 -0.3974
-0.647373 0.8384
-1.83391 0.0166214
2.45593 -0.487224
1.10722 -1.24087
2.58499 -0.414209
-0.500217 0.804376
-2.84001 -0.0700212
-2.66922 0.089065
-1.63036 -0.0641818
-1.35788 -0.322608
-2.74687 -0.0248117
-2.12077 0.192928
-0.968712 1.21639
-0.704173 0.818724
-1.56959 -0.190137
-1.73144 0.0457478
-0.121462 -1.12366
1.53703 -1.10456
3.05891 -0.0796785
2.45866 -0.577663
1.08372 -1.24357
2.53938 -0.461287
-2.56273 0.0417377
-0.534291 -0.891658
1.52543 -1.10902
3.07325 -0.0521084
2.53336 -0.58314
1.0647 -1.24474
2.53954 -0.444638
-1.53729 -0.171499
-1.93312 0.0350175
-1.87839 0.953436
-0.764172 0.856228
-0.137579 -1.13705
1.5506 -1.11427
3.0417 -0.044263
2.45245 -0.594103
1.18325 -1.22322
2.63997 -0.399351
-0.957832 0.941474
-0.364283 0.995268
-1.90014 0.0618397
-2.41849 0.576033
-0.42619 0.8246
-3.10719 -0.160898
2.50357 -0.581846
1.11825 -1.2736
2.48446 -0.466859
1.99562 -0.894397
-2.89217 0.200158
-1.84053 0.00253549
2.73583 -0.231684
-2.67022 0.301523
-2.87591 0.258046
-1.34616 -0.352911
-2.77203 0.0483097
-2.2724 0.175338
-1.2252 1.17401
-0.829128 0.826609
1.3059 -1.08786
2.87166 -0.187703
2.78212 -0.337489
-2.44928 0.415017
-0.301323 0.905715
-3.02866 -0.111489
2.71847 -0.448486
-1.33032 0.876855
-0.457453 0.837271
-2.87719 -0.0276973
-2.86041 -0.0342068
-2.74298 -0.00401873
-2.06929 0.205179
-1.01092 1.22517
-0.727942 0.837212
-1.13743 -0.523597
2.6485 -0.467292
-0.663139 0.858834
-1.56416 -0.132784
-1.7964 -0.014473
1.39504 -1.05096
2.98479 -0.0972422
2.44515 -0.597141
1.25589 -1.20666
2.67964 -0.316466
-1.81529 0.802967
-0.612182 0.811299
-2.23811 0.112655
-1.08654 1.24015
-0.755938 0.873653
0.165704 -1.21635
1.67103 -1.03649
-3.08207 0.087674
3.01596 -0.238822
2.52565 -0.528632
1.57697 -1.12688
3.08571 -0.064027
2.52189 -0.546346
1.36949 -1.18913
2.87141 -0.214394
2.84528 -0.31847
-2.94306 0.111118
-2.60733 0.0827117
-1.03859 -0.594304
2.3829 -0.702639
2.17358 -0.679291
2.77557 -0.260817
-2.79355 0.185726
-1.21678 -0.47984
2.98895 -0.261358
2.6165 -0.45631
-0.462806 0.808985
-2.98894 -0.147001
2.82885 -0.353096
-2.64665 0.309742
-1.77265 0.971673
-0.859696 0.814985
2.28852 -0.562833
1.7577 -0.947884
-2.98546 0.120575
-2.58194 0.0412747
-0.691628 -0.791954
1.64147 -1.06659
-3.08797 0.0406433
3.02454 -0.287957
2.53491 -0.49849
2.6075 -0.526795
-1.81017 0.00716712
1.78345 -0.919599
-2.99708 0.144318
-2.70993 0.0488688
-1.88433 0.0515642
-2.57918 0.459662
-0.308209 0.905315
-2.99757 -0.10248
2.83751 -0.381431
-2.58493 0.318406
-0.530011 1.16249
-0.351721 0.958883
-2.3256 0.12323
-1.66269 1.00942
-0.811567 0.896516
-2.76059 0.355757
-3.07054 0.105611
-2.9947 -0.133831
2.83198 -0.345797
-2.69741 0.279301
1.94036 -0.8119
-2.97492 0.120039
-2.46557 0.167266
2.02502 -0.745348
-3.08382 0.0542388
3.06481 -0.258974
2.43812 -0.569317
1.10297 -1.23248
2.56849 -0.436794
-0.796241 1.16645
-0.463474 0.836984
-2.84492 -0.0161638
-2.68537 0.0397279
-1.72116 -0.0685845
-0.293533 -1.01963
1.4765 -1.1151
3.02554 -0.0857946
2.46277 -0.615855
1.21996 -1.17009
2.74785 -0.284261
-2.49383 0.403596
-0.383791 0.940177
-2.32668 0.19516
-1.69702 1.03127
-0.836403 0.852166
2.78126 -0.238342
-2.93816 0.125995
-2.58577 0.107622
-0.788988 -0.766588
1.8322 -1.00306
-2.9416 0.19277
-2.32862 0.172629
-1.57068 1.07005
-0.873014 0.834797
-2.52467 0.548054
-0.323793 0.884643
-3.09215 -0.168826
2.53842 -0.574554
1.12242 -1.22869
2.62027 -0.378361
-1.02895 0.902497
-0.38 0.918321
-2.54007 0.147125
-0.235456 -1.06395
1.50117 -1.11542
3.03232 -0.0920456
2.41738 -0.59057
1.22016 -1.1836
2.72601 -0.31245
-2.20206 0.569077
-0.443734 0.831793
-2.98546 -0.0828546
2.88908 -0.338569
-3.07717 -0.0271814
2.8492 -0.325297
-2.88752 0.150577
-2.21284 0.153506
-1.05707 1.18512
-0.67657 0.882949
-1.23417 -0.365459
2.94247 -0.313001
2.87875 -0.275541
3.00804 -0.194215
2.45021 -0.569493
1.09954 -1.24408
2.55062 -0.457852
-1.9669 0.0300411
-1.60964 1.07584
-0.839183 0.864347
-2.8738 0.251213
-1.25615 -0.448193
-3.1336 -0.162889
2.45935 -0.597709
1.19321 -1.22682
2.64163 -0.404127
-0.938811 0.927296
-0.426697 1.05217
0.262258 -1.25046
1.737 -1.01351
-3.0377 0.109794
-2.98311 -0.088972
2.92301 -0.331786
3.01199 -0.187911
2.44026 -0.574285
1.12533 -1.23068
2.58771 -0.4274
-0.427688 0.819261
-3.08913 -0.135794
2.53724 -0.55091
1.47181 -1.16499
2.97087 -0.149403
2.45156 -0.564016
1.07747 -1.24769
2.52971 -0.469455
3.00162 -0.314657
2.64233 -0.415909
-0.954629 0.906536
-0.455663 1.04806
0.985627 -1.23652
2.34045 -0.573688
1.53942 -1.05812
3.09826 -0.0327033
2.59941 -0.54503
2.89784 -0.318484
3.1037 -0.0790997
2.51125 -0.579636
1.13217 -1.27556
2.49608 -0.461028
2.44827 -0.625996
1.32507 -1.16908
2.81451 -0.267232
-2.99907 0.0761006
-2.98231 -0.0823244
2.92661 -0.324074
2.97279 -0.212858
2.52067 -0.505817
2.01551 -0.885019
-2.90071 0.19245
-1.91217 0.032667
-2.08196 0.838703
-0.665087 0.834027
-1.77963 0.00141359
0.988066 -1.23209
2.34854 -0.564612
1.43892 -1.10083
2.98794 -0.115311
2.46509 -0.60617
1.17266 -1.18747
2.68677 -0.331242
-1.80128 0.779398
-0.64256 0.785923
-2.19632 0.204123
-1.05604 1.21818
-0.752504 0.837745
-0.740338 -0.832663
1.7204 -1.00928
-2.97619 0.149565
-2.55141 0.0910937
-0.116816 -1.16116
1.46087 -1.09914
3.04212 -0.0558188
2.46328 -0.600258
1.21016 -1.22772
2.61325 -0.369089
-1.02831 0.92881
-0.355217 0.902868
-2.79678 -0.0368319
-2.41465 0.188262
