0.2 0
0.199302 -0.0154426
0.197489 -0.0222217
0.195408 -0.0207464
0.193857 -0.0115188
0.193582 0.00487535
0.195266 0.0277769
0.199523 0.056464
0.206893 0.0901636
0.217835 0.128062
0.232729 0.169319
0.251866 0.213076
0.275453 0.258472
0.303613 0.304655
0.336382 0.350795
0.373716 0.396093
0.415494 0.439798
0.687536 -0.756643
3.00179 0.355975
2.24588 -0.227754
1.64153 -0.587945
-2.92079 0.603425
2.60732 0.0111344
-1.00563 1.68748
0.221576 1.21917
-1.97334 1.10632
-2.87195 0.692049
2.65028 0.0282079
-1.43692 1.53878
0.291575 1.13826
-3.00156 0.50201
2.1017 -0.326546
0.358666 -0.674469
2.35069 -0.156423
0.529351 1.16013
-1.88877 1.19066
-2.15916 1.19455
-0.75071 1.78372
0.142687 1.38111
1.10038 -0.668748
-2.65302 0.821373
-2.33488 0.920016
-1.19875 1.25643
-0.61522 0.190747
0.745275 -0.749198
-3.14001 0.432239
2.0497 -0.338649
0.492386 -0.681985
2.66782 0.0823051
-1.90239 1.29269
0.55647 1.20139
-1.15692 1.15532
-1.22473 1.16135
-0.988219 0.732546
1.98472 -0.384744
0.907194 -0.709683
-2.84323 0.676834
2.85718 0.152343
3.00317 0.338437
2.28076 -0.199875
-2.50406 0.828518
-2.03758 1.08722
1.05815 -0.656151
-2.64845 0.839393
-2.42891 0.882639
-1.68932 1.21534
0.217124 1.64036
0.186679 1.31114
-1.08045 0.986402
-2.41378 0.872841
-1.46355 1.3405
0.153745 1.65332
0.144747 1.31605
-1.01154 0.7884
2.3437 -0.165878
-0.195582 1.79089
0.0694639 1.38854
-2.31968 1.07576
-0.498154 0.0832777
0.786124 -0.722434
-3.01267 0.54754
2.2291 -0.272645
0.684635 -0.717702
-3.13032 0.468047
2.05883 -0.355527
0.544332 -0.723842
2.72296 0.151541
-2.29486 1.07276
-1.01906 0.894098
2.88738 0.174665
2.82248 0.203956
-3.04557 0.511221
2.10476 -0.330743
0.367809 -0.686657
2.34141 -0.11796
0.501024 1.14373
-2.32833 0.947736
-1.36774 1.21766
-2.64883 0.870684
-2.48957 0.865017
-2.04832 1.11049
0.0190672 -0.482602
1.55154 -0.545997
-2.87365 0.672753
2.62208 0.003943
-1.19055 1.61981
0.327826 1.20933
-2.2074 1.04081
-1.09633 1.04366
-1.97791 1.12233
2.56834 0.0115338
-0.954982 1.71107
0.242968 1.22571
-1.92018 1.14734
-2.01213 1.2748
0.54383 1.21314
-1.04728 0.961958
-2.81006 0.609295
2.74979 0.067917
-2.3776 1.0184
-1.28307 1.239
0.70816 -0.705994
3.01045 0.325479
2.15444 -0.274222
0.316302 -0.656258
2.29879 -0.180661
-1.22298 1.07235
-1.17295 1.2176
-0.971558 0.825736
2.2182 -0.280735
0.58779 -0.770163
2.81749 0.215039
-3.12573 0.440784
2.05905 -0.363153
0.578731 -0.739579
2.77201 0.181355
-2.76558 0.719754
3.09707 0.33909
2.09988 -0.348629
0.37251 -0.636444
2.44142 -0.0696378
-0.0669473 1.49755
0.443825 1.15162
-1.99345 1.16319
0.156416 -0.526799
1.90245 -0.417413
1.50108 -0.610341
-2.64035 0.855892
-2.45121 0.880957
-1.82972 1.194
-0.551448 1.79275
0.125162 1.40032
-2.24836 1.14562
-0.0545474 -0.423244
1.47213 -0.627223
-2.57133 0.908529
-2.05901 1.11538
-0.3157 -0.206766
1.04137 -0.740735
-2.65935 0.841021
-2.58384 0.793503
-2.49382 0.837635
-1.96288 1.11939
-2.4396 1.02205
-1.3697 1.28938
-0.817655 1.79317
0.0627615 1.34358
-0.304829 -0.151473
1.03388 -0.707331
-2.66297 0.815291
-2.40959 0.876252
-1.43337 1.33734
0.0717881 1.69387
0.112867 1.34304
-0.554757 0.0293668
0.732696 -0.707013
-3.06826 0.51442
2.10494 -0.333817
0.376959 -0.694134
2.35277 -0.113388
0.426134 1.13359
-2.96279 0.505873
2.21975 -0.280101
0.548461 -0.697743
2.86664 0.245925
2.80734 0.164808
-3.03275 0.49333
2.15691 -0.275678
0.306133 -0.640515
2.29412 -0.176478
-1.28145 1.15775
-0.66243 0.328878
0.724464 -0.727507
-3.11551 0.46734
2.07846 -0.359657
0.447655 -0.645783
2.62142 0.0644995
-1.38512 1.56748
0.294737 1.14737
-2.89874 0.585435
2.29031 -0.206518
-2.40113 0.900127
-1.61115 1.2355
0.252784 1.62294
0.207051 1.2987
-1.17774 1.13637
-1.22317 1.12087
-1.02934 1.07884
-2.23029 1.02639
-1.14294 1.10226
-1.46048 1.23734
-0.251425 1.82679
0.106147 1.4013
-1.72786 1.46706
0.387886 1.10955
2.9845 0.289772
2.42286 -0.0981479
0.106482 1.37508
2.01317 -0.338884
0.577853 -0.667833
2.90717 0.28081
2.59931 0.0146
-1.10686 1.64278
0.192608 1.20438
-1.99916 1.15468
0.207741 -0.557792
2.00585 -0.363467
0.770948 -0.755786
-3.13052 0.471473
2.05583 -0.353099
0.540797 -0.717679
2.7147 0.0998945
-2.32025 1.05889
-1.11073 1.07395
-1.73784 1.21502
-0.0822887 1.70282
0.151558 1.36668
0.0406724 -0.466827
1.66168 -0.539
3.10241 0.400566
2.04758 -0.341927
0.512714 -0.691373
2.69959 0.102341
-2.2235 1.08584
0.847358 -0.675782
-2.94046 0.609641
2.41126 -0.15013
0.194493 1.22565
-1.67976 1.28721
-0.0378843 1.7337
0.0770669 1.36444
0.941815 -0.720319
-2.85462 0.689026
2.67247 0.0439772
-1.64682 1.44359
0.379324 1.10784
3.02466 0.310683
2.27131 -0.20926
3.06721 0.313099
2.14792 -0.316796
0.267897 -0.606117
2.22252 -0.21478
1.3718 -0.683816
-2.47442 0.942623
-1.24728 1.2859
0.926563 -0.686957
-2.85389 0.667088
2.81676 0.121033
-2.97336 0.574597
2.21512 -0.258185
0.683682 -0.759717
3.04294 0.354331
2.09834 -0.305155
0.314434 -0.637639
2.2932 -0.180166
-1.36129 1.18973
1.8658 -0.38714
1.45879 -0.594579
-2.66232 0.817109
-2.39432 0.885318
-1.37917 1.33245
-0.218338 1.79347
0.0615691 1.38903
-2.08838 1.23161
0.445357 1.44504
0.390314 1.1395
-3.01989 0.462775
2.1195 -0.340203
0.313121 -0.611999
2.32319 -0.145936
0.0364227 1.68674
0.084278 1.33326
-0.624125 0.26067
0.720977 -0.726927
-3.12932 0.455348
2.07295 -0.363723
0.477493 -0.65476
2.682 0.10762
-1.97303 1.26799
0.355355 1.43345
0.446111 1.13289
-3.06713 0.444585
2.05303 -0.360825
0.581251 -0.730267
2.7993 0.207862
-2.95972 0.576586
2.27611 -0.229805
2.59213 -0.0403549
-0.772977 1.7472
0.250514 1.24546
-1.69761 1.24318
-0.0227155 1.69478
0.182428 1.36243
-0.358864 -0.118091
0.96448 -0.727686
-2.77763 0.718914
-2.96893 0.537861
2.14126 -0.296513
0.290681 -0.648136
2.23107 -0.228397
1.34074 -0.654184
-2.41678 1.01567
-1.30784 1.24108
1.76926 -0.468773
2.39114 -0.0796634
0.206392 1.31158
-1.06377 0.980731
-2.57181 0.773944
-2.22214 1.0528
-1.15102 1.18519
-1.13775 1.09816
-1.50354 1.24358
0.0425604 1.74012
0.137729 1.37486
0.781323 -0.694925
-3.1026 0.468678
2.10252 -0.356918
0.389591 -0.64618
2.4702 -0.0526028
-0.233282 1.58857
0.300342 1.13673
-2.95685 0.531611
2.18354 -0.282244
0.388438 -0.704642
2.42079 -0.111657
0.126921 1.40094
-1.52181 1.57535
0.292893 1.15479
-2.87566 0.545954
2.5347 -0.0407118
-0.446502 1.69067
0.223046 1.21869
-1.96261 1.10878
-2.42526 1.02891
-1.29851 1.25085
1.73856 -0.479665
2.57466 0.00296535
-0.931728 1.71835
0.246529 1.22873
-1.88794 1.16496
-1.41496 1.59897
0.285654 1.22332
-2.00303 1.13655
0.602124 -0.691175
2.81129 0.174789
3.10724 0.415425
2.07487 -0.336058
0.435919 -0.693483
2.50877 -0.0472311
-0.374387 1.70334
0.264001 1.21999
-1.99042 1.12271
1.72817 -0.495751
2.70633 0.137556
-2.1843 1.14208
0.158907 -0.549352
1.89116 -0.436359
1.63203 -0.514754
3.09665 0.423104
2.07602 -0.348285
0.479703 -0.72042
2.56764 0.0334857
-0.872099 1.71191
0.212219 1.23497
-1.78014 1.18346
-0.0348781 1.75901
0.109223 1.38143
2.07916 -0.294108
0.356325 -0.692401
2.30412 -0.147434
-0.0995909 -0.36259
1.39192 -0.638718
-2.57021 0.873866
-1.67071 1.30096
0.0367852 1.70954
0.101817 1.35249
-0.173245 -0.358648
1.19702 -0.661255
-2.50064 0.950011
-1.62546 1.25675
0.121176 1.6178
0.231323 1.30256
-1.15565 1.1621
-1.20567 1.15114
-1.08909 0.925105
-2.60629 0.794249
-2.72754 0.695592
3.02626 0.292376
2.23596 -0.255208
0.980052 -0.723269
-2.63737 0.848306
-2.37401 0.919149
-1.49064 1.2349
-0.0245253 1.76048
0.117894 1.38295
2.06305 -0.300508
0.390953 -0.695161
2.38721 -0.0887272
0.232315 1.27799
-1.32488 1.2373
2.15052 -0.259682
0.32342 -0.626415
2.36823 -0.113517
0.318863 1.1715
-2.57441 0.768829
-2.23044 1.04534
-1.16605 1.19178
-1.07412 0.992243
-2.42298 0.870346
-1.5073 1.3432
0.210681 1.62368
0.17405 1.29435
-1.19617 1.09155
-1.19124 1.27533
-0.539459 0.103883
0.770254 -0.738317
-3.07712 0.487075
2.10334 -0.303451
0.299419 -0.622934
2.27502 -0.186164
-2.14471 1.03584
-0.713092 0.430587
0.761117 -0.728853
-3.03364 0.533831
2.17692 -0.300948
0.287435 -0.606157
2.29163 -0.161883
-1.1476 1.11013
-1.42087 1.2354
-0.92564 1.75159
0.155037 1.3533
-0.562887 0.0996967
0.773112 -0.754333
-3.10929 0.45156
2.08077 -0.327377
0.389983 -0.666287
2.43959 -0.0858949
-0.0893463 1.47034
0.537897 1.18814
-1.36302 1.26672
-1.59445 1.52709
0.280174 1.14011
-2.97515 0.519184
2.14686 -0.302876
0.302325 -0.667408
2.2354 -0.234747
1.36141 -0.659034
-2.43847 0.991373
-1.34358 1.22251
2.68193 0.0963779
-2.08188 1.22095
-2.37562 1.05382
-1.08504 0.967075
-2.47613 0.825369
-1.69395 1.2867
-0.0237999 1.72845
0.0802847 1.36176
0.652527 -0.715753
2.89569 0.275658
2.66811 0.0687788
-1.74206 1.39464
0.424113 1.11708
-2.8365 0.623752
2.50763 -0.0703484
-0.29788 1.62512
0.262775 1.16489
-2.58006 0.807078
-2.56759 0.802938
-2.40066 0.896496
-1.56931 1.22437
0.184734 1.65392
0.168998 1.31993
-1.00177 0.824405
2.42881 -0.155463
0.235123 1.30106
-1.14698 1.14034
-1.30779 1.21523
0.754595 -0.720211
3.10839 0.44187
2.06739 -0.338541
0.458465 -0.694637
2.56158 -0.00722296
-0.782941 1.74102
0.241837 1.24417
-1.70517 1.23356
-0.0320757 1.69224
0.17365 1.36028
-0.382627 -0.101752
0.93699 -0.735205
-2.82745 0.677055
3.04544 0.333997
2.21314 -0.243877
0.791565 -0.763883
-3.03233 0.518045
2.20034 -0.251029
0.571047 -0.721986
2.86868 0.234712
2.75501 0.111647
-2.56212 0.891151
-2.16307 1.06328
-0.957766 0.759709
1.91221 -0.464335
1.70163 -0.480159
2.71715 0.137574
-2.3259 1.03609
-1.04866 0.862393
2.99465 0.294977
2.37668 -0.133081
0.349182 1.15142
-2.82243 0.593982
2.7224 0.0995199
-2.04885 1.23584
-0.639934 1.81496
0.0475607 1.36899
1.913 -0.358833
1.08283 -0.6866
-2.61764 0.852914
-2.16933 1.02393
-0.779036 0.548347
0.894931 -0.735739
-2.80826 0.707315
3.00867 0.267791
2.25122 -0.20201
2.31572 -0.197409
-1.30594 1.23291
1.11875 -0.688554
-2.60627 0.886715
-2.31422 0.977997
-1.35401 1.25911
-1.86786 1.37422
0.529175 1.12188
-2.79137 0.650638
2.70506 0.0621962
-1.97478 1.25645
0.517224 1.3641
0.525098 1.16358
-1.7975 1.2172
-0.514791 1.8026
0.146239 1.40448
-2.15629 1.21597
-2.73738 0.781532
-2.81898 0.604882
2.72487 0.0492748
-2.13224 1.18587
1.35374 -0.616097
-2.60774 0.852347
-2.03862 1.07563
1.49186 -0.556782
-2.79184 0.725323
3.0831 0.32641
2.11763 -0.3396
0.322468 -0.625559
2.32892 -0.148249
0.30777 1.49426
0.257173 1.16643
-2.53129 0.837137
-2.2932 0.977476
-1.26733 1.17806
-0.620008 0.0984325
0.713894 -0.71578
-3.11918 0.469773
2.06978 -0.358187
0.529927 -0.73311
2.66728 0.103352
-1.79911 1.37721
0.483519 1.16015
-1.86132 1.15094
-0.524043 1.84176
0.093828 1.38491
2.73455 0.147881
-2.62794 0.797894
-2.11594 1.10185
-0.849497 0.587984
1.1147 -0.740532
-2.58938 0.855699
-1.76088 1.26697
-0.386598 1.81757
0.0512792 1.3895
-1.86885 1.3664
0.503263 1.11731
-2.96482 0.515242
2.19086 -0.287522
0.412957 -0.726225
2.44014 -0.0568061
-0.0274415 1.50901
0.474083 1.14962
-2.13697 1.02984
-0.58769 0.196497
0.732986 -0.729413
-3.11824 0.461535
2.08174 -0.362072
0.450347 -0.652596
2.61608 0.056877
-1.35138 1.5753
0.271187 1.15578
-2.75895 0.682835
2.80462 0.141813
-2.84534 0.649194
2.76047 0.0820336
-2.46278 0.962873
-1.64359 1.2811
0.116842 1.64553
0.112037 1.30498
-0.980171 0.956167
2.89214 0.203237
2.83334 0.18338
3.0549 0.340365
2.09769 -0.303314
0.310729 -0.633182
2.28985 -0.180417
-1.4623 1.22428
-0.413318 1.84331
0.100473 1.39488
-2.38032 1.04364
-1.06471 0.888941
-3.00855 0.5032
2.08485 -0.330871
0.394532 -0.675502
2.43653 -0.0928813
0.0642881 1.48419
0.523908 1.2464
-0.334816 -0.179032
1.01186 -0.74012
-2.68442 0.82546
-2.76358 0.671705
2.84986 0.164304
3.06542 0.350879
2.08319 -0.309929
0.340569 -0.6377
2.35792 -0.132788
0.377722 1.12844
-2.93045 0.562215
2.21246 -0.254512
0.673166 -0.751332
3.0408 0.357605
2.10421 -0.295968
0.29162 -0.622335
2.25715 -0.198627
2.9597 0.226962
2.44266 -0.072209
0.0361961 1.47684
0.496812 1.25484
0.217097 -0.586794
1.96638 -0.347913
0.805837 -0.70538
-2.98713 0.569892
2.28451 -0.235595
2.83672 0.180243
-3.00963 0.540775
2.15697 -0.299046
0.311811 -0.676284
2.23129 -0.188439
2.05307 -0.355714
0.542651 -0.699758
2.7548 0.141462
-2.73499 0.713919
-2.75646 0.681152
2.86135 0.176711
2.99777 0.302309
2.25288 -0.25241
1.38825 -0.652567
-2.45541 0.977922
-1.39968 1.23666
-1.20274 1.67837
0.217704 1.28881
-1.27705 1.23203
0.222546 -0.584309
2.01827 -0.36838
0.689082 -0.696557
3.09359 0.414663
2.07924 -0.349577
0.478756 -0.725047
2.55617 0.0223701
-0.789591 1.71458
0.198713 1.24002
-1.70967 1.19536
0.144043 1.67287
0.149847 1.33245
-0.854216 0.526075
1.086 -0.762019
-2.57828 0.89984
-2.08988 1.09597
-0.564738 0.0712112
0.787221 -0.768266
-3.07098 0.520511
2.08611 -0.334843
0.406549 -0.686533
2.44865 -0.0893762
-0.00747956 1.52784
0.486883 1.13568
-2.49278 0.832676
-1.96575 1.11527
