0.2 0
0.199302 -0.0154426
2.28909 -1.13298
-3.09847 -0.468224
3.06291 -0.768066
2.9161 -0.974277
-2.99967 -0.35468
-3.04219 -0.789961
-2.1853 -0.127129
-0.967619 0.120244
-2.168 -0.805715
-3.04251 -0.293902
-3.00583 -0.799255
-2.36281 -0.228376
-0.851275 0.255222
-2.75445 -0.763663
3.04776 -0.844422
2.1885 -1.24764
2.97132 -0.615602
-0.919729 0.472216
-2.10769 -0.875409
-2.80647 -0.143498
-2.24196 0.270872
-1.18372 0.0977087
2.48453 -0.879717
-2.89285 -0.336932
-2.4309 -0.728871
-1.20963 -1.3087
0.940093 -1.72554
2.43813 -1.12565
-3.06146 -0.418871
2.99925 -0.830647
2.24032 -1.17867
3.11217 -0.554175
-2.55646 -0.257866
-0.991974 0.538212
-0.950135 -1.47103
-1.0448 -1.44183
-0.196786 -1.71941
3.00773 -0.886669
2.45223 -1.01202
-2.94873 -0.38018
-2.9622 -0.748486
-3.02053 -0.577783
3.0665 -0.754973
-2.47189 -0.807742
-2.24022 -0.766055
2.44728 -0.890896
-2.90868 -0.328994
-2.44723 -0.792865
-1.93046 -0.882893
-1.67335 0.524082
-1.08676 0.111038
-0.54074 -1.66763
-2.4765 -0.726732
-1.74992 -0.997673
-1.70983 0.497342
-1.10496 0.0858636
-0.304173 -1.68884
-3.13788 -0.835017
-1.99132 0.379204
-1.21682 0.0583891
-2.86317 -0.14272
1.10909 -1.65302
2.42416 -1.09323
-3.0002 -0.417076
3.04868 -0.811486
2.39695 -1.17418
-3.04842 -0.437576
3.02942 -0.84142
2.18449 -1.17799
3.09478 -0.527792
-2.70592 -0.383499
-0.317046 -1.73471
-2.94315 -0.757975
-3.07879 -0.61431
-2.93868 -0.535441
3.05598 -0.846961
2.07815 -1.26289
2.97928 -0.617188
-0.893776 0.431273
-2.3873 -0.810231
-1.47217 -1.12264
-2.98525 -0.243142
-2.52022 -0.753546
-2.2216 -0.837651
1.71236 -1.35795
2.71523 -0.82374
-2.98675 -0.366365
-3.01076 -0.805961
-2.25943 -0.0942982
-0.926318 0.188798
-2.35449 -0.789306
-0.66578 -1.60945
-2.20569 -0.771687
2.98536 -0.478916
-2.17835 -0.10596
-0.968436 0.133691
-2.15861 -0.788451
-2.75258 -0.0700328
-1.01589 0.540096
-0.462989 -1.68738
-2.69118 -0.713649
-2.99816 -0.765702
-2.73794 -0.396844
-1.28154 -1.29742
2.2097 -1.04129
-3.09915 -0.451888
3.02093 -0.785071
2.16992 -1.2889
2.94279 -0.624391
-1.01121 -1.40474
-1.09652 -1.3786
-0.158186 -1.76893
-3.13873 -0.880913
2.28033 -1.22409
3.13149 -0.510283
-2.95153 -0.558591
3.03912 -0.846257
2.21484 -1.16506
3.11726 -0.519871
-2.84368 -0.484192
-2.79861 -0.789662
2.97666 -0.800567
2.15415 -1.23295
3.03285 -0.602361
-1.41033 0.0369322
-0.896552 0.484353
-2.22792 -0.812186
1.93222 -1.26036
2.87679 -0.741061
2.64953 -0.830972
-2.92214 -0.315806
-2.48284 -0.770698
-2.02056 -0.924958
-2.13377 0.331889
-1.21417 0.0945368
-2.84646 -0.16065
1.76808 -1.37177
2.65564 -0.863092
-2.90213 -0.30119
-2.24959 -0.816719
1.47687 -1.52877
2.47386 -1.01028
-2.923 -0.327783
-2.55438 -0.761435
-2.47764 -0.792341
-2.1788 -0.78736
-2.91848 -0.198377
-1.50636 -1.16054
-2.31535 0.187421
-1.15204 0.127805
1.42512 -1.52706
2.53498 -0.996915
-2.89673 -0.339795
-2.47898 -0.719215
-1.69917 -1.02748
-1.78363 0.469298
-1.14731 0.0722079
0.978864 -1.68418
2.38507 -1.11335
-3.02837 -0.424393
3.05968 -0.84836
2.08878 -1.25923
2.98633 -0.615845
-0.859246 0.318639
-2.69618 -0.79589
3.04721 -0.8148
2.3126 -1.21545
-3.12977 -0.502286
-3.04622 -0.638735
-2.95023 -0.503412
3.04768 -0.826713
2.15081 -1.29151
2.99638 -0.641229
-1.24269 -1.26457
0.752207 -1.75168
2.41008 -1.13491
-3.0297 -0.440121
2.97558 -0.821109
2.18813 -1.19478
3.07949 -0.557222
-2.35167 -0.211652
-0.857008 0.253492
-2.72299 -0.749572
3.12105 -0.825099
-2.42424 -0.808076
-1.85175 -0.915272
-1.64166 0.537142
-1.06603 0.121763
-0.936683 -1.4907
-1.10271 -1.33748
-0.662892 -1.57535
-2.36785 -0.785632
-0.830243 -1.53853
-1.63612 -1.0318
-2.05363 0.367482
-1.22157 0.0841217
-2.67457 -0.0435369
-0.810627 0.354134
-2.89062 -0.770559
3.10105 -0.714802
-1.19478 0.0855842
2.78618 -0.620237
2.25864 -1.13606
-3.12302 -0.490622
-3.11316 -0.682553
-2.2179 -0.0751743
-0.946468 0.179005
-2.22087 -0.820923
1.9781 -1.23476
2.84382 -0.702564
2.32269 -1.08552
-3.05315 -0.435142
3.02266 -0.838468
2.17697 -1.17838
3.09204 -0.52503
-2.71939 -0.385508
-0.739381 -1.57554
-2.00182 -0.842851
-1.80859 0.483124
-1.16516 0.10215
1.83934 -1.32104
2.71751 -0.800617
-3.08134 -0.415271
2.99759 -0.826069
2.25717 -1.1705
3.12552 -0.548494
-2.66994 -0.330871
2.35172 -0.964884
-2.9869 -0.397171
-3.08265 -0.832192
-0.977024 0.194926
-1.96556 -0.909713
-1.86794 0.431152
-1.18462 0.0561358
2.34871 -0.954721
-2.97741 -0.371703
-2.99687 -0.797597
-2.44794 -0.270653
-0.818 0.357469
-2.86035 -0.77836
3.06755 -0.759216
-2.79499 -0.813889
2.98856 -0.782944
2.09736 -1.29488
2.96472 -0.654955
2.79517 -1.02248
-2.85488 -0.255046
-1.33331 -1.23879
2.40367 -0.938196
-2.9504 -0.382629
-2.97668 -0.754108
-2.92705 -0.514621
3.09568 -0.8349
2.4391 -1.18407
-3.09256 -0.443304
3.0004 -0.799659
2.13892 -1.26728
2.99954 -0.642644
-1.40711 -1.17599
2.76597 -0.65387
2.68404 -0.83412
-2.90226 -0.331489
-2.46928 -0.721068
-1.61114 -1.07689
-2.00454 0.372511
-1.21986 0.0538067
-2.78428 -0.0874582
-1.36874 0.589209
-0.859084 0.270852
-2.71958 -0.798592
3.00195 -0.824586
2.11211 -1.26303
2.99215 -0.628868
-1.78822 0.450821
-1.13433 0.141494
0.853486 -1.73152
2.40481 -1.1308
-3.03223 -0.443756
2.97335 -0.820775
2.20763 -1.18132
3.09888 -0.543815
-2.57611 -0.331594
-1.32835 0.611747
-0.843009 0.318274
-2.76765 -0.778139
3.03189 -0.847681
2.20694 -1.16185
3.11808 -0.510694
-2.91117 -0.518791
3.13405 -0.837205
-3.05812 -0.799359
-2.09831 -0.0565412
-0.988445 0.139165
-1.90267 -0.974642
-1.77394 0.506765
-1.15098 0.12013
1.37344 -1.56043
2.51795 -1.02604
-2.95447 -0.328846
-2.76747 -0.733329
3.05642 -0.837106
2.14764 -1.29092
2.92402 -0.643757
2.73626 -1.00958
-2.84651 -0.273098
-1.31902 -1.28085
2.69745 -0.687991
2.97926 -0.585459
-1.08657 0.130718
-0.513505 -1.67209
-2.57025 -0.714019
-2.40732 -0.744113
-1.00526 -1.42964
-0.815452 -1.54556
-1.70907 -0.989765
-1.84404 0.466319
-1.17943 0.0959616
2.33739 -0.991414
-3.05851 -0.405251
3.00078 -0.82785
2.16931 -1.22524
3.04503 -0.596933
-1.58986 0.10545
-0.854606 0.273003
-2.72949 -0.766639
3.08903 -0.841909
2.12017 -1.28442
2.99786 -0.599293
-1.22152 0.106369
-2.60603 0.0062695
-0.862549 0.248119
-2.6952 -0.74014
-3.06874 -0.798594
-1.83105 -0.0147294
-0.952832 0.202726
-2.15532 -0.812332
-2.91028 -0.196321
-1.32705 -1.26984
2.75164 -0.693451
3.03235 -0.540854
-2.17085 -0.0984476
-0.970709 0.135941
-2.05456 -0.923086
-2.53653 0.0827209
-0.951916 0.158774
-2.19158 -0.849108
2.25141 -1.06053
3.11957 -0.499483
-2.98479 -0.558635
3.01604 -0.819971
2.23199 -1.20901
3.02318 -0.575246
-1.81262 0.0187256
-0.958838 0.151153
-2.14272 -0.887912
2.6889 -0.701212
3.08296 -0.516211
-2.6612 -0.366266
1.95385 -1.25858
2.81302 -0.738448
2.73475 -0.780697
-3.07134 -0.435873
3.03423 -0.831015
2.15399 -1.2093
3.05424 -0.566004
-2.11881 -0.0968298
-0.987799 0.114437
-2.00635 -0.86102
-1.89356 0.437693
-1.19606 0.0804656
2.86356 -0.605154
2.08013 -1.2715
2.97334 -0.628422
1.69721 -1.39993
2.69472 -0.884197
-2.88877 -0.275462
-1.98341 -0.886424
-1.81362 0.457596
-1.16228 0.0678727
1.52521 -1.46428
2.58502 -0.935483
-2.86553 -0.295451
-1.81999 -1.01244
-1.63155 0.551924
-1.0637 0.137692
-0.962398 -1.46218
-1.00063 -1.46218
-0.60349 -1.58519
-2.58975 -0.744497
-2.62856 -0.754834
-2.83745 -0.786033
3.00983 -0.752937
2.56447 -1.09447
-2.90493 -0.328326
-2.41915 -0.795511
-1.67539 -1.01187
-1.891 0.442094
-1.19539 0.0861953
2.85514 -0.60851
2.09499 -1.25169
2.99521 -0.6069
-1.03932 0.142119
-1.33175 -1.28129
2.83665 -0.583717
2.14545 -1.28584
3.00352 -0.617245
-0.905362 0.209582
-2.56458 -0.721606
-2.40742 -0.747474
-1.03642 -1.41624
-0.545639 -1.6613
-2.48738 -0.721112
-1.82044 -0.956261
-1.65704 0.517274
-1.07048 0.100418
-1.0157 -1.38573
-1.23866 -1.28379
1.07061 -1.67861
2.43465 -1.10625
-3.04849 -0.400701
3.01934 -0.82774
2.12003 -1.27395
2.98711 -0.644412
-2.31684 -0.750191
0.596902 -1.77292
2.43397 -1.13054
-3.00924 -0.420679
3.02119 -0.814455
2.11048 -1.29625
2.97684 -0.634494
-0.849036 -1.53107
-1.57737 -1.06202
-2.32248 0.217183
-1.14436 0.0961082
1.06627 -1.69245
2.34203 -1.11948
-3.04674 -0.413778
3.02285 -0.835816
2.18971 -1.22851
2.9898 -0.588115
-1.37637 0.109288
-0.972428 0.511496
-1.44624 -1.20886
-2.61716 0.039129
-0.855345 0.244863
-2.73922 -0.76578
3.07142 -0.843659
2.04089 -1.3051
2.93545 -0.646835
2.75818 -1.01061
-2.843 -0.281847
-1.32866 -1.29119
3.01998 -0.450432
-2.64272 -0.336343
-2.88353 -0.188548
-0.511248 -1.68337
-2.49887 -0.734747
-1.99047 -0.890904
-1.8569 0.435914
-1.18031 0.0573319
2.19112 -1.06542
-3.13099 -0.490861
-3.09783 -0.663989
-2.48451 -0.289789
-0.83954 0.428997
-2.68323 -0.758125
-3.06381 -0.81139
-1.67221 -0.00141716
-0.887797 0.234607
-2.56588 -0.755976
-2.54293 -0.7651
-2.42334 -0.802729
-1.76862 -0.96953
-1.69952 0.511755
-1.10249 0.101667
-0.181319 -1.77793
-3.12412 -0.817029
-1.06572 0.146982
-0.908713 -1.49265
-1.26331 -1.32499
2.24634 -1.0243
-3.07203 -0.442032
3.01214 -0.822327
2.24088 -1.19771
3.03766 -0.560802
-2.09654 -0.0628039
-0.989514 0.133613
-1.8948 -0.98517
-1.7754 0.502018
-1.15079 0.114078
1.34867 -1.57528
2.51125 -1.03795
-2.96613 -0.342657
-2.87307 -0.751805
3.04635 -0.772531
2.49944 -1.15416
-3.02988 -0.392353
3.06784 -0.823579
2.34709 -1.21214
-3.11406 -0.508061
-3.10752 -0.619101
-2.80566 -0.428525
-2.3264 -0.791532
-0.0392357 -1.79876
2.93971 -0.893749
2.75531 -0.760031
3.09542 -0.517209
-2.69543 -0.40186
-0.459176 -1.63707
-2.8849 -0.768894
3.09151 -0.728451
-0.882995 0.241862
-2.68527 -0.725651
-3.00601 -0.773767
-2.62309 -0.334481
-2.23412 0.239745
-1.18916 0.129041
2.77865 -0.641138
2.52716 -0.950271
-2.88778 -0.327437
-2.34091 -0.734874
0.400981 -1.79107
2.51796 -1.10207
-2.94229 -0.371488
-2.90354 -0.73119
3.03514 -0.750069
-3.12613 -0.857503
-1.29637 -1.29978
2.42578 -0.89066
-2.91491 -0.311828
-2.42512 -0.766047
-1.42007 -1.22371
-2.71334 -0.0311248
-0.846459 0.430003
-2.65289 -0.765714
-2.97596 -0.800887
-2.59294 -0.268004
-1.2411 0.600487
-0.931489 0.478769
-2.01087 -0.922548
-2.12329 0.346259
-1.21343 0.108897
-2.82608 -0.137892
-2.98789 -0.26858
-2.7031 -0.702726
-3.00765 -0.768807
-2.65665 -0.348114
2.5955 -0.800226
-2.9082 -0.281024
-2.22116 -0.78415
2.63563 -0.757404
-2.94961 -0.354849
-2.87669 -0.721401
2.98422 -0.795775
2.12856 -1.25988
3.00102 -0.630269
-1.4169 0.605042
-0.893213 0.2337
-2.5358 -0.762339
-2.38758 -0.790874
-1.2659 -1.23636
0.87165 -1.71865
2.38876 -1.12853
-3.03708 -0.438249
3.04682 -0.849004
2.18728 -1.18696
3.08677 -0.54405
-2.52426 -0.290423
-0.948621 0.463655
-2.07218 -0.840332
-2.1994 0.279696
-1.20345 0.0698267
3.06854 -0.450883
-2.81061 -0.418113
-2.3201 -0.777386
0.301039 -1.81639
2.66188 -1.06126
-2.88805 -0.286749
-2.05725 -0.860602
-2.10604 0.318331
-1.22312 0.0470556
-2.70608 -0.0341524
-0.842354 0.403629
-2.71525 -0.781263
3.10485 -0.848548
2.15201 -1.27834
3.0166 -0.596595
-1.41188 0.0636945
-0.924976 0.436852
-2.29431 -0.766734
0.944796 -1.7093
2.41053 -1.12265
-3.02617 -0.442454
2.98218 -0.823588
2.19592 -1.19455
3.08231 -0.560243
-2.33033 -0.208671
-0.872065 0.235043
-2.65355 -0.75244
-2.94744 -0.785338
-2.85538 -0.507561
-3.00276 -0.757812
-2.77288 -0.409365
-1.89938 -0.949859
-1.71482 0.47913
-1.09086 0.150198
-0.389957 -1.68349
-2.90093 -0.795177
-3.03728 -0.633474
-3.01145 -0.548789
2.997 -0.797695
2.1334 -1.26874
2.99626 -0.642583
-1.61189 -1.05545
-2.14537 0.314919
-1.21451 0.0776853
-2.87718 -0.19242
-0.518825 -1.61596
-2.76985 -0.752192
3.03324 -0.841558
2.20041 -1.22768
2.99417 -0.591227
-1.3493 0.103242
-1.07148 0.545797
1.44336 -1.54238
2.45551 -1.01975
-2.93446 -0.331698
-2.64892 -0.751499
-2.91319 -0.79369
-3.01115 -0.544431
2.99021 -0.800871
2.14596 -1.25131
3.0145 -0.625088
-0.840579 0.357292
-2.73681 -0.75066
3.08797 -0.831857
2.42542 -1.1854
-3.09878 -0.441308
2.99463 -0.793618
2.11777 -1.27929
2.98253 -0.649155
-2.90856 -0.757614
3.09095 -0.701239
-1.34842 0.0838837
-1.09418 0.536274
1.88398 -1.2579
2.85888 -0.70999
2.39678 -1.04805
-2.99594 -0.409862
3.06979 -0.803417
-2.94693 -0.785654
-2.93024 -0.526535
3.07813 -0.84356
2.05504 -1.30505
2.94345 -0.64352
3.05141 -0.891265
2.27682 -1.15779
3.09176 -0.509361
-2.84207 -0.444076
-2.65304 -0.745426
-2.9146 -0.788529
-3.03742 -0.557252
3.02549 -0.754358
2.7721 -1.0059
-2.84708 -0.285566
-1.55229 -1.0711
-2.4477 0.139226
-1.0464 0.120001
-1.25684 -1.315
1.88365 -1.25468
2.86119 -0.704476
2.33396 -1.09276
-3.05721 -0.453721
2.95749 -0.801638
2.15811 -1.21078
3.05424 -0.570069
-2.06531 -0.083159
-0.997665 0.106409
-1.92049 -0.905067
-1.73474 0.497253
-1.12332 0.0924387
0.386861 -1.83281
2.55822 -1.06791
-2.89621 -0.311348
-2.26437 -0.816475
1.09674 -1.6914
2.36334 -1.11817
-3.039 -0.420886
3.03849 -0.842334
2.21532 -1.22319
3.00355 -0.590477
-1.43029 0.0839339
-0.887453 0.419979
-2.46078 -0.812035
-2.17586 -0.791514
