0.2 0
0.199302 -0.0154426
0.197489 -0.0222217
0.195408 -0.0207464
0.193857 -0.0115188
0.193582 0.00487535
0.195266 0.0277769
0.199523 0.056464
0.206893 0.0901636
1.3673 -1.12342
2.92984 -0.144407
2.548 -0.518604
2.20665 -0.806184
-3.13634 0.0473247
2.76678 -0.401281
-1.96358 0.709843
-0.610394 0.781381
-2.40555 0.181172
-2.91079 0.246124
-1.82614 0.0380374
2.39296 -0.524969
1.14585 -1.19463
2.65615 -0.352538
-1.44962 0.885719
-0.587979 0.785032
-2.5035 0.156799
0.624087 -1.2412
2.04817 -0.796863
-3.01374 0.0963973
-2.75645 0.0645333
-2.16263 0.179836
-0.982192 1.20631
-0.713311 0.808444
-1.58424 -0.0373576
-1.70578 0.00986098
-0.557727 -0.918524
1.59887 -1.10487
3.10791 0.0129558
2.59822 -0.502755
-0.311752 -1.05294
1.52371 -1.12641
3.01974 -0.0550742
2.42702 -0.599536
1.27629 -1.18008
2.7678 -0.295683
-2.55226 0.407259
-0.541395 1.1554
-0.363694 0.956906
-2.28644 0.11197
-1.28529 1.20198
-0.811241 0.885867
3.10355 0.0282878
2.69695 -0.474804
-0.908438 0.947041
-0.433232 1.08866
-2.93161 0.220258
-1.9801 0.0785265
-1.48043 1.07399
-0.820387 0.889388
-2.65785 0.426796
-0.530888 1.09625
-0.780497 1.1535
-0.44296 0.830027
-2.97879 -0.0978153
2.91683 -0.337332
3.05841 -0.154057
2.41882 -0.600352
1.30199 -1.16609
2.8062 -0.26288
-2.97011 0.0385852
-2.75648 0.048846
-2.16081 0.157428
-0.999312 1.19267
-0.724777 0.79444
-1.59545 -0.0550261
-1.63286 -0.0663927
-1.34833 -0.332357
-2.7864 -0.0431874
-2.34993 0.184248
-1.7957 0.977032
-0.825904 0.836982
1.61103 -1.01053
3.12582 0.0184253
2.67107 -0.468196
-0.838192 0.855218
-3.05591 0.10028
-2.88078 -0.00896892
-2.84831 -0.0159594
-2.67435 0.037301
-1.64042 -0.133778
-1.25476 -0.334074
3.01406 -0.261501
2.56198 -0.512351
2.79773 -0.440977
-1.90998 0.771525
-0.582646 0.815982
-2.37406 0.11685
-2.20435 0.715804
-0.608165 0.842984
-2.07705 0.149855
-1.10598 1.18862
-0.783929 0.811421
-0.653456 -0.813819
1.59867 -1.08105
-3.12721 0.0132124
2.81984 -0.408754
-2.27589 0.577158
-0.403459 0.816594
3.045 -0.262286
2.51498 -0.564675
1.05946 -1.244
2.53579 -0.445909
-1.81297 0.0180391
1.85693 -0.874774
-2.95693 0.179631
-2.42789 0.149197
-3.09593 0.0876692
3.1259 -0.221924
2.40877 -0.600016
1.31606 -1.15223
2.83761 -0.231512
3.03925 -0.160035
2.41013 -0.59389
1.28096 -1.16543
2.79473 -0.263955
-2.89597 0.102453
-2.21394 0.210668
-1.02354 1.22134
-0.735669 0.834775
-1.06137 -0.590783
2.4058 -0.625631
1.445 -1.09589
2.99897 -0.104808
2.45726 -0.611929
1.22182 -1.16775
2.75298 -0.278914
-2.55364 0.365351
-0.508373 1.07284
-1.56859 1.10367
-0.825618 0.881205
-2.78321 0.32954
2.1347 -0.699999
2.98979 -0.071551
2.42617 -0.596551
1.27427 -1.18275
2.76225 -0.301545
-2.48237 0.452445
-0.342388 0.988858
-2.07718 0.128871
-1.12923 1.17466
-0.714061 0.888781
-0.56445 -0.887439
1.56088 -1.10391
3.09794 -0.0407424
2.54981 -0.514785
2.72716 -0.437881
-1.44902 0.890546
-0.585879 0.78865
-2.49417 0.164828
0.852739 -1.21689
2.2987 -0.625136
2.12323 -0.745934
3.12201 0.0328533
2.65982 -0.462611
-0.786393 0.863852
1.15133 -1.18218
2.56684 -0.399185
-0.469058 0.835236
-2.81633 -0.0151384
-2.52928 0.078993
0.445664 -1.28986
1.77633 -0.941141
-2.95573 0.156592
-2.38214 0.112754
-2.14397 0.748764
-0.657582 0.846578
-1.74454 0.002718
0.137482 -1.22744
1.66252 -1.05679
-3.11774 0.0466379
2.84335 -0.362948
-2.70508 0.249507
2.03169 -0.775112
-3.02156 0.126775
-2.85941 -0.0244099
-2.73461 0.00910324
-2.03236 0.0625224
-1.13636 1.2184
-0.782134 0.858692
0.611229 -1.27026
2.01969 -0.84071
-2.9409 0.188712
-2.29373 0.160013
-1.329 1.14165
-0.862303 0.820438
2.72013 -0.248846
-2.48977 0.418135
-0.371048 0.952364
-2.29067 0.0899052
-1.31929 1.18106
-0.828225 0.87064
-3.06095 0.11086
-2.93068 -0.103076
-3.14045 -0.155006
2.45372 -0.597
1.19667 -1.22102
2.65245 -0.392272
-1.09959 0.95255
-0.375195 0.843302
3.10817 -0.226235
2.45288 -0.621997
1.31073 -1.13984
2.85576 -0.204846
2.88462 -0.264035
2.94831 -0.232617
2.6114 -0.437455
-0.564196 0.830772
-2.36368 0.120689
-2.06312 0.803488
-0.690123 0.865312
-1.30763 -0.320506
-3.01146 -0.126784
2.78772 -0.428307
-1.91079 0.77427
-0.578699 0.818648
-2.37994 0.120444
-2.2972 0.657915
-0.533705 0.83166
-2.54501 0.10998
-0.211367 -1.10436
1.53577 -1.12227
3.0256 -0.0552927
2.43516 -0.60064
1.26611 -1.18976
2.74595 -0.317289
-2.27697 0.57925
-0.398343 0.819533
3.03907 -0.262939
2.52342 -0.55527
1.13607 -1.22821
2.63273 -0.371384
-1.16506 0.907547
-0.426579 0.806813
3.09583 -0.185864
2.4176 -0.605572
1.35854 -1.15045
2.86394 -0.224899
2.87631 -0.230241
2.89712 -0.2314
2.81387 -0.31256
-2.77813 0.19024
-0.960471 -0.570822
2.03448 -0.863049
-2.92341 0.179939
-2.11099 0.102713
-0.933332 1.24837
-0.679633 0.852626
-1.50218 -0.183186
-2.11108 0.100029
-0.969856 1.24802
-0.701084 0.858297
-1.22829 -0.411836
2.97229 -0.317132
2.74377 -0.328954
-2.19682 0.611966
-0.470774 0.797405
-3.04393 -0.160656
2.6197 -0.472013
-0.394986 0.846763
-3.07249 -0.154506
2.58476 -0.544953
2.4494 -0.59851
1.12719 -1.21554
2.61052 -0.39887
-0.821472 0.843081
1.83331 -0.837797
-2.95232 0.175194
-2.37519 0.14234
-2.06923 0.808032
-0.669798 0.874402
-1.42202 -0.201999
-2.51053 0.107791
0.70812 -1.26711
2.11246 -0.782974
-3.06106 0.095543
-3.10834 -0.162267
2.51603 -0.582888
1.14189 -1.27836
2.49894 -0.464092
2.40312 -0.660337
1.75889 -0.965078
-3.00614 0.0872021
-2.70935 0.0694749
-1.88676 0.0844728
-2.50105 0.527113
-0.41358 0.797668
2.97794 -0.270329
2.66255 -0.420631
-1.08227 0.889419
-0.391551 0.861135
-2.9554 -0.0601492
3.02458 -0.249512
2.52737 -0.541688
1.40735 -1.20529
2.83947 -0.205109
2.95856 -0.192998
2.56577 -0.511565
2.94843 -0.348341
2.93137 -0.195734
2.63122 -0.442914
-0.685683 0.82383
-1.66034 -0.124611
-1.10021 -0.469593
2.44059 -0.627779
1.37717 -1.14937
2.87536 -0.222108
2.81922 -0.280695
-2.93144 0.107036
-2.51489 0.0924668
0.811063 -1.26732
2.13681 -0.712923
2.96351 -0.112925
2.47222 -0.58337
1.15745 -1.25526
2.53307 -0.433891
-0.825054 -0.721242
1.84927 -0.983305
-2.93247 0.148755
-2.14488 0.201683
-0.954985 1.22032
-0.695166 0.821421
-1.62424 -0.143052
-1.40148 -0.200234
-2.614 0.0862388
-1.18191 -0.461491
2.8176 -0.42086
-2.18534 0.631421
-0.458921 0.808297
-3.04216 -0.145567
2.67419 -0.49748
-0.557326 0.8543
-2.25772 0.166454
-1.24469 1.16786
-0.836394 0.824902
1.59098 -0.96971
-3.09383 0.0577475
2.97589 -0.290804
2.70707 -0.414206
-1.37592 0.946323
-0.537653 0.819957
-2.58141 0.0725667
-0.773101 -0.808869
1.76678 -0.987703
-2.94112 0.176653
-2.29224 0.141913
-1.32557 1.13244
-0.784014 0.900229
2.47389 -0.439119
2.27009 -0.749413
2.80692 -0.257805
-2.99568 0.0834551
-2.96501 -0.0667637
3.00536 -0.270353
2.59408 -0.498389
-1.57285 -0.0496729
-1.77485 0.0500272
0.886254 -1.2316
2.31464 -0.632444
2.09124 -0.722432
3.06091 -0.0316621
2.4993 -0.579326
1.11038 -1.27141
2.48152 -0.465187
1.98669 -0.895204
-2.88967 0.2058
-1.82922 0.00629501
2.42523 -0.457404
1.24757 -1.21294
2.74752 -0.296434
-2.4384 0.425348
-0.299851 0.899244
-3.09157 -0.144292
2.53344 -0.558653
1.33844 -1.21705
2.77389 -0.244506
-2.82895 0.193359
-1.74678 0.00294868
0.271263 -1.25508
1.64329 -0.998499
-3.03614 0.10816
-2.9693 -0.0855813
2.98457 -0.297717
2.65516 -0.393944
-1.177 0.945181
-0.427968 0.816184
-3.12068 -0.20144
2.49324 -0.611879
1.12052 -1.21576
2.60522 -0.401128
-0.763381 0.834065
-0.51054 -0.992647
1.53427 -1.09572
3.10453 -0.0167964
2.60974 -0.526148
-1.97104 0.0339398
-1.57368 1.09169
-0.841074 0.866807
-2.69982 0.382819
-0.826656 1.16499
-0.497032 0.83103
-2.71672 0.0342911
-1.96289 0.0779854
-1.6054 1.02969
-0.820432 0.892826
-2.54246 0.512775
-0.358854 0.860454
-3.10614 -0.210656
2.46166 -0.578714
1.08478 -1.24548
2.53778 -0.464147
-2.76659 -0.0372468
-2.25179 0.196335
-1.13739 1.20101
-0.791556 0.835829
0.21876 -1.26028
1.61182 -1.027
-3.08419 0.0603422
3.03198 -0.262245
2.53483 -0.55216
1.23642 -1.20866
2.74759 -0.289209
-2.47053 0.413415
-0.376766 0.895685
-2.74912 0.0497678
-2.15396 0.164722
-0.990983 1.19757
-0.719237 0.799116
-1.60585 -0.0380057
-1.56848 -0.105416
-1.77736 -0.00282428
0.972699 -1.2374
2.32712 -0.581517
1.6414 -1.00582
-3.07589 0.053839
3.09299 -0.243182
2.4107 -0.59397
1.28715 -1.16538
2.79857 -0.26305
-2.92315 0.0800313
-2.4167 0.180424
-2.92421 0.233565
-1.93762 0.0826635
-1.8159 0.939782
-0.780997 0.891995
1.86148 -0.84257
-2.95803 0.148993
-2.37934 0.0981286
-2.01321 0.8806
-0.700747 0.844261
-1.40551 -0.270442
-2.55077 0.0561216
-0.255289 -1.03661
1.4797 -1.11156
3.03074 -0.0812455
2.46602 -0.614311
1.19695 -1.17774
2.71955 -0.305346
-2.18527 0.594351
-0.511745 0.775507
-2.97116 -0.0575312
2.95221 -0.28433
2.7695 -0.346884
-2.31168 0.501151
-0.378461 0.835784
3.03912 -0.240369
2.4935 -0.558285
1.129 -1.27187
2.50156 -0.4516
2.99995 -0.265613
2.59806 -0.476747
-1.18975 1.16265
-0.738322 0.89289
0.182838 -1.20262
1.67607 -1.0186
-3.06063 0.0556425
-3.10554 -0.123332
2.50926 -0.557488
1.18149 -1.24613
2.63769 -0.395713
-0.963732 0.952651
-0.341504 0.973061
-2.24011 0.144501
-1.19632 1.16503
-0.74184 0.896695
0.430337 -1.23518
1.86623 -0.907517
-2.93302 0.15729
-2.15694 0.220048
-0.944033 1.23087
-0.687703 0.832682
-1.5979 -0.142493
-1.58639 -0.0278072
-1.6885 0.00482674
-0.802078 -0.749554
1.83648 -0.996437
-2.94858 0.129643
-2.2654 0.1878
-1.18744 1.18798
-0.812676 0.833233
0.937516 -1.25156
2.27621 -0.623227
2.14643 -0.713342
2.98039 -0.119796
2.47665 -0.606015
1.15795 -1.20201
2.65355 -0.364166
-1.36636 0.882336
-0.555222 0.771927
-2.75473 0.0412797
-2.184 0.158199
-1.01564 1.19147
-0.735268 0.795705
-1.49549 -0.134759
-2.16491 0.154499
-1.03686 1.19084
-0.748099 0.798849
-1.34255 -0.263141
-2.8815 -0.0408338
-2.8773 -0.0558605
-2.83798 -0.0603992
-2.62364 0.107487
-1.25908 -0.368831
3.0801 -0.243171
2.46789 -0.608404
1.19069 -1.18713
2.70015 -0.326114
-1.93301 0.715931
-0.627773 0.775457
-2.34144 0.181997
-1.83714 0.957422
-0.8115 0.836003
0.913024 -1.25157
2.25329 -0.634575
2.28961 -0.612089
2.07199 -0.772949
-3.06364 0.0523091
-3.09809 -0.128511
2.5289 -0.553504
1.35381 -1.20461
2.83292 -0.254009
3.12566 -0.0446375
2.55396 -0.537482
2.02182 -0.8995
-2.89771 0.1778
-1.83654 0.113917
2.74615 -0.240104
-2.71239 0.250275
1.46369 -1.07475
2.95706 -0.109498
2.46778 -0.565686
1.09167 -1.26023
2.52587 -0.484621
2.19566 -0.763145
2.98509 -0.0938847
2.44833 -0.601906
1.28332 -1.2022
2.70484 -0.302793
-2.08065 0.669893
-0.541781 0.792894
-2.71912 -0.00728973
-1.96633 0.172285
-1.45568 1.12678
-0.854777 0.855754
-2.54659 0.486848
-0.313822 0.876618
3.07248 -0.221953
2.4479 -0.597764
1.26261 -1.20854
2.68069 -0.319454
-1.80982 0.799748
-0.61846 0.806679
-2.22944 0.104275
-1.06916 1.23753
-0.750984 0.86588
-0.196148 -1.10805
1.53416 -1.1196
3.02901 -0.0502806
2.4357 -0.598357
1.24539 -1.19497
2.72455 -0.331237
-2.03101 0.720777
-0.530276 0.816704
-2.64566 0.053413
-1.47416 -0.2422
-2.19813 0.212084
-1.03361 1.22366
-0.740215 0.839842
-0.922904 -0.694779
2.0307 -0.847328
-2.93663 0.186786
-2.24728 0.149986
-1.14038 1.17352
-0.719213 0.890419
-0.414916 -0.974826
1.50435 -1.12134
3.03498 -0.0894826
2.41926 -0.589264
1.20544 -1.18832
2.70848 -0.325249
-2.00298 0.675207
-0.535314 0.843435
-2.46345 0.145502
1.89695 -0.83038
-2.96266 0.136565
-2.38384 0.201711
-2.29896 0.693094
-0.529493 0.798468
-2.75418 -0.0113991
-2.18267 0.0846623
-0.951909 1.23227
-0.69267 0.835598
-1.53191 -0.189762
-1.94911 0.0266176
-1.71792 1.02776
-0.821718 0.859784
2.40029 -0.514725
1.19225 -1.24757
2.56949 -0.411693
-0.403961 0.838002
-3.07956 -0.176019
2.57003 -0.567364
1.48579 -1.12894
3.04628 -0.0615973
2.47598 -0.602461
1.20765 -1.2397
2.59213 -0.393709
-0.712009 0.852307
-1.11994 -0.525939
2.61961 -0.552233
-2.81157 0.0143096
-2.50567 0.11926
0.972696 -1.22404
2.40237 -0.578762
1.36715 -1.11999
2.92096 -0.156921
2.58413 -0.497382
-1.96385 0.0370368
-1.62862 1.07131
-0.831542 0.868558
-3.03812 0.1282
-2.77337 -0.0289376
-2.24731 0.198
-1.12137 1.20417
-0.784616 0.835624
-0.00853814 -1.20558
1.49944 -1.08513
3.07702 -0.034095
2.53061 -0.568823
1.23619 -1.25549
2.62409 -0.366666
-1.12493 0.926381
-0.397054 0.827727
3.11249 -0.244199
2.40683 -0.600159
1.33621 -1.14692
2.85792 -0.218321
2.90959 -0.262137
2.81092 -0.28492
-2.86353 0.159322
-2.01915 0.107268
-1.25529 1.14531
-0.767246 0.890935
1.24302 -1.12882
2.76011 -0.292043
-2.54996 0.344659
-0.385899 1.07262
0.290022 -1.22732
1.75203 -0.980804
-3.00144 0.0974654
-2.6818 0.0924656
-1.71891 0.0100163
-0.305996 -1.06203
1.53202 -1.12785
3.02004 -0.0594213
2.43143 -0.601737
1.28545 -1.18188
2.77047 -0.29829
-2.56037 0.396199
-0.580647 1.16401
-0.360853 0.888099
-2.89003 -0.0842124
-2.94916 -0.0375555
3.0803 -0.206084
2.43793 -0.606536
1.33735 -1.17735
2.78161 -0.241965
-2.88921 0.144812
-2.22002 0.145304
-1.07623 1.17853
-0.688537 0.87929
-1.13389 -0.460816
2.58058 -0.548765
2.4037 -0.683538
1.89856 -0.841989
