0.2 0
0.199302 -0.0154426
2.28909 -1.13298
-3.09847 -0.468224
3.06291 -0.768065
2.91612 -0.974268
-2.99973 -0.354723
-3.04253 -0.790034
-2.18163 -0.12564
-0.96903 0.119535
-2.15732 -0.809195
-2.91116 -0.195745
-1.34124 -1.25961
2.85649 -0.612251
2.14011 -1.22332
3.03658 -0.581867
-1.79315 -0.00180658
-0.955212 0.136833
-2.25743 -0.777783
1.72029 -1.37443
2.71376 -0.853482
-2.9037 -0.33451
-2.49444 -0.721956
-1.86022 -0.948297
-1.66244 0.508452
-1.07118 0.0906434
-1.00685 -1.40078
-1.18022 -1.32728
0.59511 -1.79682
2.49999 -1.12213
-3.01472 -0.383006
3.12246 -0.813783
0.878132 -1.74276
2.43949 -1.13017
-3.06249 -0.419107
2.99781 -0.830103
2.24168 -1.17689
3.11431 -0.551892
-2.58962 -0.276149
-1.24605 0.592717
-0.94104 0.475527
-1.95341 -0.95823
-1.92792 0.438135
-1.2061 0.102816
-3.0509 -0.310344
-3.07001 -0.823921
-1.33669 0.12574
-1.1039 0.571817
-2.91647 -0.20957
-1.55556 -1.15374
-1.98839 0.41019
-1.2163 0.101988
-2.76605 -0.0992859
-1.19591 0.555958
-1.39527 0.600937
-0.875268 0.247678
-2.63396 -0.771055
-2.91633 -0.795879
-2.98262 -0.526016
2.98931 -0.828168
2.25505 -1.16216
3.13284 -0.533766
-2.82976 -0.420963
-2.48198 -0.738603
-1.83919 -0.974686
-1.66879 0.496824
-1.05929 0.162572
-1.00486 -1.41563
-1.03705 -1.41879
-0.5286 -1.66843
-2.52095 -0.719724
-2.09303 -0.834917
-2.25888 0.239244
-1.18371 0.0625558
2.31578 -0.971054
-3.00006 -0.379796
-3.10347 -0.810276
-1.21044 0.080265
-2.99551 -0.23919
-2.58749 -0.727307
-2.54252 -0.753244
-2.37211 -0.800144
-1.13167 -1.31878
-0.433801 -1.66201
-2.85553 -0.780257
3.07299 -0.764381
-3.05543 -0.79513
-2.17069 -0.0805755
-0.968846 0.149971
-2.06523 -0.900697
-2.48278 0.128366
-1.00593 0.149877
-1.73034 -1.03078
-1.76013 0.469657
-1.12091 0.152761
0.447791 -1.78713
2.4863 -1.11228
-2.96534 -0.385871
-3.05582 -0.760579
-2.41419 -0.190157
-0.838908 0.269857
-2.8178 -0.797903
2.98193 -0.769136
2.10549 -1.29706
2.97387 -0.635177
-1.30853 -1.28767
2.4703 -0.855102
-2.89626 -0.291724
-2.15988 -0.827309
-3.00261 -0.278216
-2.83139 -0.713021
2.97888 -0.827347
2.25856 -1.15075
-3.13802 -0.516248
-2.94404 -0.576046
2.9743 -0.817717
2.23654 -1.16739
3.1218 -0.533867
-2.74861 -0.445338
-1.9487 -0.884179
-1.7082 0.506734
-1.10727 0.0971302
-0.0623817 -1.80348
3.00342 -0.875341
2.33622 -1.08856
-3.05251 -0.447958
3.03587 -0.83805
2.1874 -1.18511
3.08863 -0.541025
-2.56171 -0.309209
-1.15963 0.545074
-2.12426 0.334899
-1.21473 0.0937782
-2.83313 -0.151386
2.71185 -0.720906
-3.08676 -0.41627
2.99272 -0.821528
2.24161 -1.17896
3.11234 -0.5552
-2.54631 -0.253615
-0.949103 0.513786
-1.71283 -1.05433
-1.77197 0.45697
-1.12606 0.139376
0.569688 -1.78514
2.46408 -1.12524
-2.991 -0.41526
3.07734 -0.808763
-3.0552 -0.823783
-1.79611 0.00224341
-0.955765 0.139453
-2.25259 -0.774408
1.88893 -1.27191
2.84996 -0.741329
2.74765 -0.8003
-3.01613 -0.362151
-3.11987 -0.802309
-1.17217 0.103277
2.11447 -1.15192
2.97544 -0.60689
-0.899158 0.237083
-2.50184 -0.777727
-2.22711 -0.843677
1.46007 -1.49453
2.54761 -0.964901
-2.87999 -0.307148
-2.07336 -0.896011
-2.44186 0.150872
-1.04864 0.130555
-1.21792 -1.32432
1.33327 -1.59303
2.41101 -1.0592
-2.97687 -0.365652
-2.9826 -0.787202
-2.64415 -0.370057
2.58144 -0.777092
-2.93075 -0.316113
-2.54949 -0.755291
-2.42353 -0.793857
-1.71145 -0.990476
-1.80561 0.478686
-1.16257 0.0948696
1.72706 -1.39179
2.62595 -0.879819
-2.88624 -0.285011
-2.00389 -0.895579
-1.92991 0.39794
-1.19549 0.134106
3.01466 -0.459738
-2.53011 -0.279627
-0.946503 0.476436
-2.03128 -0.840124
-1.94546 0.420317
-1.20997 0.0867859
-2.98116 -0.266458
-2.64966 -0.70327
-2.7863 -0.734409
3.02663 -0.839532
2.19963 -1.22316
2.99839 -0.583917
-1.51219 0.0888372
-0.843729 0.323819
-2.77029 -0.794544
2.95553 -0.815792
2.24626 -1.14527
-3.13628 -0.500942
-3.03878 -0.626042
-3.05121 -0.568694
3.0733 -0.713535
-0.968198 0.178582
-2.05563 -0.902612
-2.39314 0.187433
-1.08832 0.129084
-0.49637 -1.65708
-2.6517 -0.780051
-3.07899 -0.766686
-2.17348 -0.0782624
-0.967402 0.153219
-2.07544 -0.893125
-2.54223 0.0906559
-0.939435 0.180355
-2.27004 -0.8048
0.988484 -1.71466
2.33369 -1.12944
-3.05633 -0.419569
3.00761 -0.833637
2.239 -1.18516
3.10565 -0.564035
-2.41678 -0.1884
-0.837 0.27454
-2.82427 -0.795729
3.06259 -0.793502
2.16361 -1.27507
3.02482 -0.592777
-1.53963 0.0427205
-0.858211 0.272725
-2.81515 -0.750413
2.99037 -0.828423
2.29428 -1.13901
-3.11525 -0.513583
-3.07082 -0.598787
-3.0478 -0.603321
-3.08115 -0.650309
-2.68189 -0.401504
0.0155213 -1.76194
2.77417 -0.984958
-2.86283 -0.29101
-1.73294 -1.06266
-1.64659 0.543903
-1.07291 0.130528
-0.802568 -1.54417
-1.73004 -1.06772
-1.67817 0.534494
-1.09445 0.125228
-0.349884 -1.71661
-2.86326 -0.81197
3.13865 -0.650813
-2.3553 -0.17463
-0.873422 0.209695
-2.6639 -0.798385
3.12546 -0.797705
-0.857377 0.304562
-2.70274 -0.777399
3.13627 -0.841368
3.03379 -0.870562
2.13772 -1.24133
3.01958 -0.608466
-1.18767 0.0775627
2.51267 -0.831585
-2.889 -0.293826
-2.08932 -0.866948
-2.4173 0.125561
-1.07762 0.142706
-0.703707 -1.56441
-2.22637 -0.826649
1.80178 -1.34927
2.6831 -0.837303
-2.95213 -0.331477
-2.7429 -0.756966
3.08571 -0.847744
2.06506 -1.3038
2.94825 -0.645421
3.02617 -0.906548
2.53871 -0.959264
-2.92043 -0.303911
-2.4409 -0.74437
-1.45025 -1.18776
-2.6706 -0.0426456
-0.813078 0.341602
-2.89015 -0.774854
3.1155 -0.707862
-1.45066 0.0429035
-0.845585 0.430605
-2.63493 -0.745977
-2.855 -0.76577
3.05722 -0.783126
2.26882 -1.22203
3.13054 -0.500677
-3.00821 -0.585571
3.07653 -0.764651
-2.94665 -0.767409
-3.0356 -0.582299
3.09789 -0.720565
-1.06099 0.117298
-1.15925 -1.30731
-0.185214 -1.73327
3.04226 -0.884839
2.30981 -1.13381
3.1281 -0.483023
-3.09722 -0.627093
-2.79025 -0.43414
-2.22044 -0.837451
1.75205 -1.33518
2.74662 -0.798598
-3.08795 -0.439004
3.02977 -0.812071
2.06231 -1.27499
2.9635 -0.627686
0.239706 -1.80618
2.66637 -1.05029
-2.88002 -0.268267
-1.85712 -0.933013
-1.64756 0.522866
-1.06488 0.105793
-1.10721 -1.33221
-0.683985 -1.56273
-2.33605 -0.787574
-0.269001 -1.74336
-3.04746 -0.78038
-2.35706 -0.160549
-0.870626 0.220002
-2.67333 -0.784476
3.12237 -0.787934
-0.977458 0.192917
-1.96377 -0.913123
-1.87048 0.428585
-1.17533 0.145279
2.37099 -0.940022
-2.95955 -0.35951
-2.88171 -0.780378
-3.12503 -0.709948
-1.76634 0.0515635
-0.937605 0.179252
-2.28431 -0.823953
0.342844 -1.83268
2.58936 -1.05422
-2.87736 -0.296567
-1.98695 -0.916945
-1.92116 0.393873
-1.19298 0.12185
2.88506 -0.566127
2.94482 -0.944829
3.12529 -0.516185
-2.84347 -0.439099
-2.64421 -0.739325
-2.86217 -0.775765
3.09696 -0.75791
-0.984346 -1.41481
-1.29163 -1.266
1.92455 -1.26514
2.87028 -0.745504
2.70252 -0.78963
-3.03864 -0.396621
3.06471 -0.839636
2.1625 -1.28888
2.93145 -0.645778
2.74976 -1.01059
-2.84396 -0.278668
-1.31866 -1.29134
2.84857 -0.578669
2.25249 -1.24503
3.09425 -0.551814
-2.48011 -0.283617
-0.83158 0.419487
-2.73323 -0.757734
3.08893 -0.836203
2.33553 -1.23001
3.08836 -0.521396
-2.73908 -0.388388
-1.22137 -1.32148
1.45289 -1.53954
2.46151 -1.01841
-2.93182 -0.332783
-2.63491 -0.755654
-2.86641 -0.790801
3.08945 -0.686441
-1.57806 0.070847
-0.858858 0.259651
-2.72454 -0.798049
2.99495 -0.825002
2.13231 -1.24366
3.01563 -0.609676
-1.13228 0.0922903
0.501954 -1.77331
2.43485 -1.12483
-2.99935 -0.401036
-3.13218 -0.834536
-1.61943 -1.04964
-2.12188 0.328612
-1.21793 0.078952
-2.78176 -0.122257
-1.44403 0.598954
-0.914598 0.210461
-2.41955 -0.783901
-1.5346 -1.16231
-2.08057 0.365646
-1.21855 0.1038
-2.70274 -0.0522383
-0.85526 0.376068
-2.77763 -0.733417
3.02372 -0.830486
2.1222 -1.27492
2.9873 -0.646109
-2.50103 -0.726429
-1.98283 -0.878973
-1.79571 0.469316
-1.15482 0.0766783
1.25808 -1.58198
2.45113 -1.04118
-2.951 -0.359259
-2.83711 -0.780307
2.99463 -0.761019
2.24021 -1.2455
3.08975 -0.547421
-2.50615 -0.287061
-0.860325 0.478447
-2.47144 -0.748452
-1.83698 -0.970211
-1.66458 0.501505
-1.05733 0.1677
-1.02998 -1.39753
-0.935371 -1.46641
-1.25104 -1.31925
1.87331 -1.26252
2.85061 -0.714806
2.45643 -1.00047
-2.93844 -0.363444
-2.85497 -0.718694
2.97422 -0.815763
2.24183 -1.1657
3.12514 -0.533501
-2.80522 -0.396884
-2.17194 -0.798962
-2.91714 -0.202253
-1.50864 -1.16821
-2.23009 0.287569
-1.1838 0.114973
2.54108 -0.828357
-2.87835 -0.309355
-2.1426 -0.781432
-2.40699 0.16672
-1.0828 0.111756
-0.633851 -1.62137
-2.23372 -0.859152
0.912283 -1.70713
2.38881 -1.12417
-3.03462 -0.435767
3.04973 -0.849888
2.17253 -1.19797
3.07125 -0.555652
-2.33059 -0.190733
-0.890972 0.176006
-2.65595 -0.7347
-2.91376 -0.764726
-3.10493 -0.668705
-2.39835 -0.245536
-0.830518 0.28939
-2.84099 -0.77484
3.0336 -0.792362
2.18036 -1.28888
2.94301 -0.637919
-2.8675 -0.78181
3.0862 -0.741592
-1.8177 0.435953
-1.14924 0.133059
1.35381 -1.56153
2.50437 -1.02592
-2.92381 -0.36344
-2.76894 -0.721229
3.0617 -0.828745
2.21329 -1.272
3.04518 -0.607694
-1.38969 0.116399
-0.933893 0.494591
-1.92381 -0.948268
-1.82558 0.437327
-1.15485 0.134318
1.56495 -1.45807
2.61043 -0.934582
-2.85741 -0.307059
-1.88725 -0.905387
-1.64474 0.531477
-1.06623 0.11545
-0.937645 -1.49659
-1.01713 -1.39069
-1.15669 -1.33682
0.278478 -1.81256
2.66198 -1.05761
-2.88557 -0.279952
-1.99241 -0.880592
-1.83196 0.451357
-1.1709 0.0674289
1.85086 -1.2818
2.82658 -0.740561
2.75003 -0.780738
-3.06637 -0.443879
2.96912 -0.802137
2.15491 -1.22369
3.04128 -0.588832
-1.71054 8.10917e-05
-0.904236 0.225552
-2.47158 -0.754041
-1.86806 -0.960955
-1.68237 0.492294
-1.06909 0.15945
-0.833525 -1.50204
-1.84097 -0.977807
-1.70062 0.48691
-1.08208 0.156801
-0.575069 -1.61397
-2.56151 -0.765065
-2.54652 -0.777597
-2.5707 -0.706895
-2.36642 -0.754819
-0.412336 -1.68798
-2.79166 -0.794199
2.96129 -0.802224
2.17314 -1.20518
3.06461 -0.567481
-2.15442 -0.123968
-0.964312 0.186778
-2.07934 -0.846446
-2.28603 0.22428
-1.17065 0.0665508
1.83007 -1.29061
2.81117 -0.747834
2.82697 -0.717056
2.71508 -0.819038
-2.96134 -0.317185
-2.75619 -0.729901
3.08054 -0.831317
2.34208 -1.22187
3.1031 -0.502022
-2.93016 -0.504707
3.09718 -0.826478
2.78778 -1.0157
-2.86179 -0.248791
-1.41626 -1.17578
3.03501 -0.453683
-2.65253 -0.368113
2.21657 -1.03671
-3.09278 -0.447896
3.01253 -0.796595
2.13826 -1.28399
2.92328 -0.640478
2.87627 -0.942822
-3.0778 -0.428681
3.01903 -0.827283
2.14196 -1.2047
3.05465 -0.553484
-2.27465 -0.144214
-0.922859 0.161742
-2.46654 -0.718861
-1.61767 -1.05726
-2.03533 0.366396
-1.22221 0.0676094
-2.69157 -0.0648823
-0.822717 0.387054
-2.81556 -0.773348
3.01473 -0.821157
2.24781 -1.19694
3.04062 -0.562663
-2.08867 -0.065838
-0.991594 0.128308
-1.87721 -0.999499
-1.75847 0.504675
-1.14127 0.110855
1.0029 -1.70934
2.44279 -1.11918
-3.056 -0.416699
3.00694 -0.832921
2.22456 -1.19388
3.09265 -0.571587
-2.25929 -0.109041
-0.928269 0.177529
-2.34779 -0.805878
-0.727566 -1.59517
-1.9298 -0.893811
-1.7185 0.505568
-1.11448 0.0984731
0.135469 -1.82511
2.76028 -0.974727
-2.88091 -0.285629
-1.93857 -0.934053
-1.78118 0.454024
-1.1315 0.138506
0.746968 -1.75728
2.42029 -1.13452
-3.02502 -0.441131
2.98351 -0.823609
2.18638 -1.20151
3.07253 -0.567291
-2.19758 -0.149625
-0.948757 0.186832
-2.19892 -0.814591
2.5663 -0.816003
-2.87545 -0.316078
-2.14926 -0.79457
-2.57102 0.0506127
-0.916159 0.169243
-2.42893 -0.81028
-1.90201 -0.896777
-1.65251 0.530293
-1.07225 0.115059
-0.829112 -1.54727
-1.58954 -1.06475
-2.21666 0.274796
-1.19612 0.0796471
2.85776 -0.607294
2.08807 -1.2593
2.98621 -0.615089
-0.861018 0.301453
-2.6948 -0.794697
3.0516 -0.813033
2.4166 -1.16543
-3.03094 -0.424991
3.0538 -0.847297
2.09686 -1.24934
2.99772 -0.604794
-1.10171 0.123225
-0.163117 -1.77572
3.10094 -0.830042
-2.51891 -0.750843
-2.23095 -0.813582
1.99049 -1.22975
2.85296 -0.699387
2.28293 -1.12016
-3.0997 -0.475265
3.08602 -0.756246
-1.61345 -1.0492
-2.16015 0.309729
-1.21085 0.0829053
-2.96858 -0.257342
-2.51687 -0.707546
-1.97876 -0.879655
-1.78352 0.47462
-1.14883 0.0790791
1.04187 -1.66006
2.38794 -1.09965
-3.01682 -0.409699
3.09218 -0.84143
2.13942 -1.27795
3.01309 -0.58962
-1.51637 0.0639403
-0.851448 0.306295
-2.82925 -0.736942
2.97534 -0.822567
2.27271 -1.14264
-3.12556 -0.509266
-3.07408 -0.585441
-3.10321 -0.628764
-2.75293 -0.407672
-1.62614 -1.10405
-1.82059 0.491973
-1.1723 0.121435
2.16115 -1.10125
3.104 -0.548819
-2.57218 -0.253001
-1.05164 0.573967
1.45133 -1.52017
2.55025 -0.992124
-2.92138 -0.297765
-2.42565 -0.736047
-1.19554 -1.32248
0.888097 -1.74334
2.3346 -1.13736
-3.05942 -0.421795
3.00394 -0.832447
2.25066 -1.17544
3.11868 -0.553596
-2.59058 -0.283344
-1.2859 0.587731
-0.878784 0.400108
-2.53716 -0.806946
-2.64762 -0.718931
-2.82178 -0.752018
3.01124 -0.829065
2.29261 -1.15937
3.09451 -0.519837
-2.77065 -0.413665
-1.90129 -0.955046
-1.72757 0.471161
-1.09829 0.143182
-0.223227 -1.73481
3.1407 -0.861428
3.04254 -0.923999
2.59306 -0.873709
