0.2 0
0.199302 -0.0154426
0.197489 -0.0222217
0.195408 -0.0207464
0.193857 -0.0115188
0.193582 0.00487535
0.195266 0.0277769
0.199523 0.056464
0.206893 0.0901636
0.217835 0.128062
0.232729 0.169319
0.251866 0.213076
0.275453 0.258472
0.303613 0.304655
0.336382 0.350795
0.373716 0.396093
0.415494 0.439798
0.687536 -0.756643
3.00179 0.355975
2.24588 -0.227754
1.64158 -0.587922
-2.92098 0.603279
2.60648 0.0105519
-0.998469 1.68887
0.220505 1.22018
-1.96 1.11214
-2.42418 1.03081
-1.30034 1.25643
2.0511 -0.312897
0.451859 -0.717535
2.503 -0.0139249
-0.392911 1.68231
0.239829 1.2096
-2.08842 1.05327
-0.0547414 -0.372895
1.47909 -0.596213
-2.67366 0.806743
-2.44663 0.849373
-1.56508 1.32063
0.192212 1.62265
0.159099 1.29119
-1.21135 1.07717
-1.19075 1.2476
-0.754049 0.415689
0.825123 -0.758696
-2.9901 0.549097
2.32398 -0.176301
-0.643101 0.233248
0.742609 -0.749863
3.1414 0.431284
2.0484 -0.338806
0.496055 -0.68201
2.67683 0.0893836
-1.98808 1.24192
0.502855 1.36409
0.513366 1.16617
-1.7615 1.21787
-0.224978 1.75531
0.138454 1.39623
-2.93286 0.636551
2.45844 -0.113843
-0.0434654 1.45366
0.544019 1.27309
-2.47245 0.987522
-1.43971 1.26528
-0.310153 1.77443
0.133754 1.40332
-1.9797 1.32683
0.468354 1.31728
0.310212 1.47599
0.383865 1.16407
-2.76485 0.665759
2.83749 0.154017
-3.13329 0.415229
2.03899 -0.340914
0.527404 -0.683752
2.75041 0.146661
-2.6625 0.777919
-2.36932 0.957545
-1.58105 1.29895
0.168037 1.62057
0.139474 1.28631
-1.12172 1.20254
-1.17017 1.19016
-1.07161 0.984379
-2.48662 0.828254
-1.77576 1.27285
-0.654567 1.83118
0.0911749 1.36902
0.893891 -0.714007
-2.90575 0.655946
2.43641 -0.111033
0.0926752 1.38409
-2.72744 0.775613
-2.56881 0.826565
-2.5366 0.832545
-2.28229 0.97928
-1.22965 1.13168
-0.977671 0.98167
3.02359 0.305298
2.2662 -0.217969
2.60689 -0.0275587
-0.896287 1.73739
0.268569 1.23284
-1.85915 1.19391
-1.25669 1.67185
0.269329 1.26706
-1.49169 1.31296
0.0814379 1.67535
0.105159 1.3284
-0.805201 0.368484
0.846436 -0.732418
-2.87828 0.655503
2.65879 0.016897
-1.57037 1.46084
0.402905 1.13074
3.05933 0.318657
2.16818 -0.293436
0.34962 -0.710195
2.28655 -0.164006
-1.30064 1.24208
1.22263 -0.664093
-2.61708 0.833157
-1.8955 1.20888
-2.78278 0.74808
-3.09354 0.406073
2.06503 -0.375481
0.549819 -0.678731
2.81534 0.201124
3.12291 0.400705
2.0705 -0.369683
0.511814 -0.671105
2.73719 0.142879
-2.51859 0.891534
-1.72518 1.19609
0.171861 1.65762
0.161042 1.32195
-0.977204 0.764841
2.04609 -0.39656
0.698073 -0.694956
3.11608 0.43365
2.06636 -0.356484
0.533156 -0.731802
2.67805 0.112386
-1.8976 1.32219
0.470006 1.29149
-0.537782 1.79141
0.123742 1.40038
-2.20626 1.17426
1.63468 -0.52392
3.09378 0.396387
2.04906 -0.337678
0.492291 -0.68331
2.66509 0.0794594
-1.87931 1.30511
0.551479 1.1751
-1.50847 1.29291
0.0519698 1.6761
0.0843583 1.32629
-0.736427 0.442396
0.794767 -0.739945
-2.99552 0.557449
2.28267 -0.243399
2.53115 -0.0445782
-0.388658 1.68598
0.244272 1.21142
-2.07193 1.06544
0.134791 -0.48807
1.87628 -0.415201
1.59159 -0.557378
-2.95967 0.577105
2.42944 -0.105998
0.140678 1.36532
0.386574 -0.636249
2.37568 -0.136073
0.3673 1.18094
-2.49643 0.851671
-2.07424 1.09071
-0.227157 -0.312043
1.10891 -0.677761
-2.54954 0.914216
-1.87295 1.18452
-1.16999 1.6971
0.232956 1.29429
-1.23786 1.23768
-0.413398 -0.0972445
0.912412 -0.752342
-2.83434 0.709537
2.72928 0.0903604
-2.16883 1.14361
1.46922 -0.597341
-2.65125 0.85222
-2.55754 0.816159
-2.37895 0.91701
-1.51119 1.23837
0.0817068 1.71769
0.141708 1.36232
-0.0876455 -0.390214
1.4128 -0.642417
-2.50212 0.964436
-1.73111 1.26432
-0.132283 1.75656
0.0490304 1.37331
2.66056 0.12326
-1.78141 1.39606
0.50263 1.16317
-1.78467 1.19306
-0.0919372 1.78695
0.113645 1.39358
-2.72166 0.792027
-2.71441 0.677434
-3.01065 0.507765
2.07963 -0.330566
0.401874 -0.672398
2.45956 -0.0738795
-0.0483508 1.57868
0.439243 1.12546
-3.11609 0.397229
2.05268 -0.369554
0.556049 -0.664122
2.86154 0.246019
2.85106 0.202069
2.95153 0.266017
2.40234 -0.151803
0.291474 1.2294
-1.84385 1.20167
-1.0455 1.73928
0.0898421 1.29902
-1.02096 0.994205
-2.83085 0.609824
2.60405 -0.0211801
-1.06345 1.63579
0.273676 1.23287
-1.86297 1.19583
-1.39889 1.61779
0.198022 1.20075
-2.06488 1.12316
-0.598651 0.154845
0.75493 -0.753681
-3.13579 0.432125
2.05599 -0.339156
0.480244 -0.685049
2.63213 0.0526919
-1.56982 1.46337
0.408994 1.13019
3.05182 0.315182
2.1857 -0.280138
0.424532 -0.732671
2.45999 -0.0449228
-0.135936 1.57569
0.372948 1.12583
-3.13297 0.359376
2.03212 -0.349441
0.584163 -0.700929
2.85 0.21663
2.85336 0.181632
2.8966 0.253561
2.72668 0.112606
-2.30477 1.04591
-0.934169 0.619797
1.42416 -0.634103
-2.49234 0.954309
-1.5684 1.25766
0.100674 1.62387
0.218762 1.30728
-1.11947 1.10232
-1.57019 1.256
0.0701729 1.64149
0.205968 1.32209
-1.00885 0.918838
2.92252 0.209277
2.63045 0.0169019
-1.30831 1.62315
0.339268 1.15661
-2.9003 0.549054
2.39189 -0.173492
0.428691 1.14248
-2.92829 0.544161
2.26901 -0.237868
2.11379 -0.355772
0.354118 -0.625778
2.40968 -0.0883778
0.0971654 1.36719
1.30007 -0.653063
-2.52764 0.94223
-1.84001 1.21935
-1.04671 1.74675
0.112942 1.29721
-1.05 1.08953
-2.02665 1.13322
-0.0134111 -0.445354
1.55081 -0.593726
-2.7255 0.794711
-2.97981 0.512197
2.15902 -0.302629
0.316732 -0.684826
2.23119 -0.192646
1.97409 -0.404593
1.06838 -0.706338
-2.67353 0.797
-2.29521 1.00397
-1.33123 1.28823
-1.72318 1.4671
0.375071 1.11007
2.97401 0.279046
2.45958 -0.0753066
-0.0809779 1.52417
0.429107 1.12573
-2.70241 0.727548
3.04538 0.322717
2.20259 -0.261415
0.586833 -0.758641
2.84399 0.242352
3.00164 0.327875
2.27096 -0.216292
2.86634 0.157626
2.96898 0.315794
2.40508 -0.111885
0.191147 1.28625
-1.24377 1.13806
-0.924724 0.864896
2.04218 -0.361462
0.599518 -0.710315
2.86497 0.223261
2.76351 0.160492
-2.55325 0.8885
-2.04572 1.11208
0.0624113 -0.508008
1.63898 -0.509912
3.06726 0.407058
2.10732 -0.320146
0.344809 -0.678576
2.29555 -0.146919
-0.848769 0.630988
1.14755 -0.723807
-2.53252 0.90691
-1.65501 1.20402
0.224472 1.61947
0.183197 1.29187
-1.21892 1.12631
-1.12949 0.947666
-2.167 1.06663
-0.999727 0.876471
2.64735 0.00492961
-1.43796 1.5189
0.357004 1.15946
-2.88415 0.570666
2.41176 -0.151458
0.191396 1.225
-1.68363 1.28339
-0.0441502 1.73377
0.0731808 1.36403
0.983282 -0.718363
-2.7975 0.732004
2.94968 0.243551
2.51312 -0.0580306
-0.45021 1.6414
0.305631 1.21078
-2.14017 1.06439
-0.866708 0.550984
1.14433 -0.752647
-2.51358 0.948065
-1.74434 1.24573
-0.137235 1.74622
0.0328704 1.36621
2.21699 -0.187457
1.75656 -0.520814
2.75319 0.147651
-2.72522 0.724979
-2.72158 0.710337
3.00329 0.285015
2.31294 -0.194869
-1.2075 1.06763
-1.2349 1.27435
0.147568 -0.521494
1.88469 -0.426367
1.63794 -0.554008
-3.02851 0.557655
2.14455 -0.300471
0.298215 -0.660683
2.23383 -0.232567
1.35249 -0.657864
-2.43013 1.00041
-1.32819 1.22779
2.17362 -0.249352
0.455394 -0.678631
2.65481 0.0849669
-1.72124 1.40824
0.422291 1.11416
-2.94124 0.549408
2.20096 -0.265943
0.522561 -0.732978
2.72074 0.109646
-2.35727 1.03848
-1.24055 1.2367
-0.331644 -0.187759
1.01816 -0.742324
-2.68438 0.823297
-2.74408 0.682819
2.95319 0.237428
2.48366 -0.0869928
-0.11768 1.60931
0.382752 1.14129
-3.029 0.456634
2.1066 -0.346949
0.348948 -0.621928
2.40196 -0.0922866
0.137046 1.33233
-0.76873 0.343177
0.780327 -0.71854
-2.96413 0.596501
2.31391 -0.206803
-1.46388 1.22703
-0.37039 1.84044
0.100722 1.39749
-2.06675 1.26005
0.281996 1.50729
0.344554 1.19633
-2.3339 0.95974
-1.42083 1.26843
-0.449874 1.795
0.136357 1.40603
-1.77815 1.44963
0.456967 1.11467
-3.02051 0.450536
2.10574 -0.303958
0.298705 -0.625164
2.27058 -0.190428
-2.45696 0.846769
-1.65318 1.31407
0.0668489 1.70329
0.117244 1.35022
-0.376082 -0.164989
0.896437 -0.698393
-2.78433 0.738615
3.04179 0.307605
2.20039 -0.27499
0.450415 -0.668253
2.66212 0.0959663
-1.76567 1.39137
0.461227 1.134
-2.35841 0.964991
-1.5674 1.30788
0.17843 1.62015
0.147386 1.28709
-1.11998 1.21587
-1.1311 1.16245
-1.27798 1.22829
0.206714 -0.579803
1.98319 -0.390114
0.934447 -0.699533
-2.78204 0.730263
3.13098 0.361251
2.07069 -0.370623
0.516604 -0.674601
2.74216 0.144981
-2.57031 0.851655
-1.97382 1.10598
-2.45113 1.00924
-1.38903 1.27759
-0.704984 1.80008
0.0304164 1.35937
1.25672 -0.626469
-2.56014 0.901035
-1.882 1.16937
-1.10574 1.70974
0.196948 1.31385
-1.08407 1.0343
-2.11866 1.05664
-0.598191 0.0711824
0.719112 -0.714645
-3.10898 0.478107
2.07489 -0.355213
0.505576 -0.728515
2.61639 0.0665652
-1.31242 1.60221
0.291071 1.16125
-2.78555 0.613007
2.92866 0.243391
2.6453 0.0521021
-1.52212 1.50252
0.324803 1.12173
3.0732 0.346957
2.15217 -0.286359
0.312847 -0.670272
2.26545 -0.212924
3.00422 0.295536
2.33776 -0.164255
-0.00493844 1.69947
0.0666228 1.34028
-0.358582 -0.0989975
0.956689 -0.718829
-2.76378 0.73655
-2.99195 0.469799
2.1764 -0.26806
0.375978 -0.673661
2.44093 -0.0805661
-0.0870601 1.48162
0.542949 1.16785
-1.68136 1.26592
-0.00847846 1.70454
0.0661526 1.34482
-0.194911 -0.256769
1.21632 -0.673216
-2.5248 0.919216
-1.65546 1.21941
0.241276 1.62215
0.197526 1.29655
-1.19023 1.12944
-1.20738 1.08493
-1.176 1.24496
-0.848754 0.604139
1.12445 -0.734447
-2.56896 0.874502
-1.67576 1.30146
0.0171892 1.71978
0.0984048 1.35863
0.1689 -0.57115
1.85634 -0.410852
1.64396 -0.519785
3.07835 0.40007
2.09101 -0.349169
0.388199 -0.632347
2.48873 -0.0316238
-0.324293 1.64485
0.254181 1.18018
-2.37267 0.951736
-1.60682 1.2937
0.154317 1.62839
0.132114 1.29251
-1.07621 1.14214
-1.58762 1.29595
0.137218 1.63938
0.124292 1.30128
-1.01385 1.04055
-2.59757 0.786806
-2.60744 0.766346
-2.56481 0.778931
-2.16055 1.08652
-1.00802 0.95386
3.11775 0.359661
2.07961 -0.353269
0.425078 -0.638503
2.57529 0.0321281
-0.964536 1.688
0.202391 1.22447
-1.76702 1.27485
-0.707258 1.82843
0.102088 1.36145
0.150817 -0.556038
1.82342 -0.42391
1.87654 -0.404377
1.51916 -0.580458
-2.77214 0.726745
-2.93613 0.563782
2.20108 -0.259492
0.545354 -0.728942
2.78773 0.165587
-2.95152 0.598723
2.24311 -0.233195
1.38088 -0.671112
-2.46689 0.956279
-1.37865 1.18109
2.69639 0.140375
-2.17596 1.14335
0.719148 -0.707637
3.02838 0.338656
2.11918 -0.297292
0.292484 -0.641126
2.23829 -0.220877
1.72572 -0.56733
3.10972 0.441808
2.06633 -0.344341
0.483013 -0.706673
2.59927 0.0155883
-1.14435 1.67045
0.282415 1.19312
-2.37385 0.906288
-1.47944 1.21333
-0.245432 1.81175
0.0814024 1.39584
-1.80814 1.41261
0.398054 1.10778
3.12943 0.387374
2.06919 -0.340155
0.462003 -0.700347
2.56013 -0.0113524
-0.780607 1.73634
0.233408 1.24381
-1.70206 1.2275
-0.0195233 1.68121
0.171876 1.35223
-0.588735 0.146334
0.755763 -0.750523
-3.12788 0.440172
2.05888 -0.335675
0.460153 -0.677723
2.5957 0.0280863
-1.21872 1.60057
0.309791 1.20624
-2.23284 1.0143
-1.13481 1.05417
-1.70625 1.20247
0.165857 1.66509
0.161191 1.32793
-0.921455 0.666497
1.49836 -0.653023
-2.49967 0.96198
-1.68595 1.26768
0.0422914 1.68118
0.0810972 1.32987
-0.671739 0.32977
0.732293 -0.733234
-3.11276 0.466216
2.08483 -0.359999
0.435288 -0.648239
2.58488 0.0347221
-1.06532 1.66168
0.204365 1.21062
-1.93905 1.19438
1.29862 -0.624357
-2.57774 0.880738
-1.92135 1.13925
-1.36661 1.66414
0.296568 1.19181
-2.41923 0.885049
-1.66498 1.21972
0.236241 1.62755
0.195773 1.3012
-1.1558 1.095
-1.44538 1.2242
-0.544436 1.84829
0.111295 1.3834
2.06859 -0.298043
0.376985 -0.693242
2.35473 -0.111455
0.413769 1.13767
-2.95673 0.511102
2.23153 -0.272213
0.715675 -0.721778
-3.07227 0.512658
2.09733 -0.336389
0.394862 -0.69576
2.3958 -0.0827952
0.191539 1.32052
-0.986164 0.82155
2.30343 -0.232691
-2.46393 0.892458
-2.0118 1.14678
0.217856 -0.567484
2.0224 -0.357002
0.616538 -0.676504
2.97962 0.334484
2.30363 -0.19446
-1.45336 1.23153
-0.432762 1.84842
0.109747 1.39428
-2.67959 0.823895
-2.45935 0.850284
-1.64672 1.31697
0.0819022 1.69712
0.122641 1.34667
-0.511675 -0.0111986
0.756297 -0.700866
-3.01136 0.562799
2.18792 -0.281104
0.409922 -0.714158
2.4557 -0.0390552
-0.0886462 1.57128
0.41005 1.12366
-3.12796 0.373924
2.02618 -0.342904
0.569842 -0.685057
2.85025 0.225633
2.8802 0.211558
2.73817 0.0911632
-2.42795 0.981614
-1.46088 1.28394
-0.0710177 1.71948
0.0409243 1.35151
0.501619 -0.63847
2.67229 0.0934004
-1.91304 1.29552
0.447071 1.24794
-0.295288 -0.174264
1.05329 -0.711164
-2.65803 0.81407
-2.34015 0.911904
-1.205 1.24593
-0.645331 0.223637
0.748064 -0.755491
3.13799 0.424961
2.05084 -0.341475
0.501558 -0.688985
2.67702 0.0858303
-2.00542 1.22697
0.477494 1.38801
0.473554 1.13151
-2.64691 0.726256
-2.74598 0.644356
-3.13183 0.408228
2.05131 -0.351145
0.545152 -0.71462
2.73091 0.114378
-2.47016 0.954266
-1.65849 1.27073
0.0965668 1.65036
0.0995713 1.30743
-0.951238 0.874737
2.26475 -0.235376
1.95288 -0.435196
1.36358 -0.65748
